0.000000 0.985868
0.000999 0.923036
0.001998 0.860822
0.002997 0.799219
0.003996 0.738221
0.004995 0.677820
0.005994 0.618012
0.006993 0.558789
0.007992 0.500146
0.008991 0.442076
0.009990 0.384573
0.010989 0.327631
0.011988 0.271245
0.012987 0.215408
0.013986 0.160115
0.014985 0.105361
0.015984 0.051138
0.016983 -0.002557
0.017982 -0.055731
0.018981 -0.108388
0.019980 -0.160535
0.020979 -0.212177
0.021978 -0.263318
0.022977 -0.313965
0.023976 -0.364121
0.024975 -0.413792
0.025974 -0.462983
0.026973 -0.511700
0.027972 -0.559946
0.028971 -0.607726
0.029970 -0.655046
0.030969 -0.701910
0.031968 -0.748322
0.032967 -0.794288
0.033966 -0.839811
0.034965 -0.884896
0.035964 -0.929548
0.036963 -0.973770
0.037962 -1.017568
0.038961 -1.060945
0.039960 -1.103905
0.040959 -1.146453
0.041958 -1.188593
0.042957 -1.230329
0.043956 -1.271664
0.044955 -1.312603
0.045954 -1.353150
0.046953 -1.393308
0.047952 -1.433081
0.048951 -1.472473
0.049950 -1.511488
0.050949 -1.550129
0.051948 -1.588400
0.052947 -1.626304
0.053946 -1.663846
0.054945 -1.701028
0.055944 -1.737853
0.056943 -1.774326
0.057942 -1.810450
0.058941 -1.846228
0.059940 -1.881662
0.060939 -1.916758
0.061938 -1.951517
0.062937 -1.985942
0.063936 -2.020038
0.064935 -2.053806
0.065934 -2.087251
0.066933 -2.120375
0.067932 -2.153180
0.068931 -2.185671
0.069930 -2.217849
0.070929 -2.249718
0.071928 -2.281280
0.072927 -2.312538
0.073926 -2.343496
0.074925 -2.374155
0.075924 -2.404519
0.076923 -2.434589
0.077922 -2.464369
0.078921 -2.493862
0.079920 -2.523069
0.080919 -2.551994
0.081918 -2.580638
0.082917 -2.609004
0.083916 -2.637096
0.084915 -2.664914
0.085914 -2.692462
0.086913 -2.719741
0.087912 -2.746755
0.088911 -2.773505
0.089910 -2.799993
0.090909 -2.826223
0.091908 -2.852195
0.092907 -2.877913
0.093906 -2.903378
0.094905 -2.928592
0.095904 -2.953558
0.096903 -2.978278
0.097902 -3.002753
0.098901 -3.026986
0.099900 -3.050978
0.100899 -3.074733
0.101898 -3.098250
0.102897 -3.121534
0.103896 -3.144584
0.104895 -3.167404
0.105894 -3.189995
0.106893 -3.212359
0.107892 -3.234498
0.108891 -3.256413
0.109890 -3.278106
0.110889 -3.299579
0.111888 -3.320834
0.112887 -3.341872
0.113886 -3.362695
0.114885 -3.383305
0.115884 -3.403704
0.116883 -3.423892
0.117882 -3.443871
0.118881 -3.463644
0.119880 -3.483211
0.120879 -3.502575
0.121878 -3.521736
0.122877 -3.540696
0.123876 -3.559457
0.124875 -3.578020
0.125874 -3.596386
0.126873 -3.614557
0.127872 -3.632535
0.128871 -3.650320
0.129870 -3.667915
0.130869 -3.685319
0.131868 -3.702536
0.132867 -3.719565
0.133866 -3.736409
0.134865 -3.753068
0.135864 -3.769545
0.136863 -3.785839
0.137862 -3.801953
0.138861 -3.817887
0.139860 -3.833643
0.140859 -3.849222
0.141858 -3.864625
0.142857 -3.879854
0.143856 -3.894909
0.144855 -3.909791
0.145854 -3.924502
0.146853 -3.939043
0.147852 -3.953415
0.148851 -3.967618
0.149850 -3.981655
0.150849 -3.995526
0.151848 -4.009231
0.152847 -4.022773
0.153846 -4.036152
0.154845 -4.049369
0.155844 -4.062425
0.156843 -4.075321
0.157842 -4.088058
0.158841 -4.100637
0.159840 -4.113059
0.160839 -4.125325
0.161838 -4.137435
0.162837 -4.149391
0.163836 -4.161193
0.164835 -4.172843
0.165834 -4.184341
0.166833 -4.195688
0.167832 -4.206884
0.168831 -4.217932
0.169830 -4.228831
0.170829 -4.239583
0.171828 -4.250187
0.172827 -4.260646
0.173826 -4.270959
0.174825 -4.281128
0.175824 -4.291153
0.176823 -4.301035
0.177822 -4.310775
0.178821 -4.320373
0.179820 -4.329831
0.180819 -4.339148
0.181818 -4.348326
0.182817 -4.357366
0.183816 -4.366267
0.184815 -4.375031
0.185814 -4.383659
0.186813 -4.392150
0.187812 -4.400506
0.188811 -4.408727
0.189810 -4.416815
0.190809 -4.424768
0.191808 -4.432589
0.192807 -4.440278
0.193806 -4.447836
0.194805 -4.455262
0.195804 -4.462558
0.196803 -4.469723
0.197802 -4.476760
0.198801 -4.483668
0.199800 -4.490448
0.200799 -4.497100
0.201798 -4.503626
0.202797 -4.510024
0.203796 -4.516297
0.204795 -4.522444
0.205794 -4.528467
0.206793 -4.534365
0.207792 -4.540139
0.208791 -4.545789
0.209790 -4.551317
0.210789 -4.556722
0.211788 -4.562006
0.212787 -4.567168
0.213786 -4.572208
0.214785 -4.577129
0.215784 -4.581929
0.216783 -4.586609
0.217782 -4.591171
0.218781 -4.595613
0.219780 -4.599937
0.220779 -4.604144
0.221778 -4.608233
0.222777 -4.612204
0.223776 -4.616060
0.224775 -4.619798
0.225774 -4.623422
0.226773 -4.626929
0.227772 -4.630322
0.228771 -4.633600
0.229770 -4.636763
0.230769 -4.639813
0.231768 -4.642749
0.232767 -4.645572
0.233766 -4.648282
0.234765 -4.650880
0.235764 -4.653366
0.236763 -4.655740
0.237762 -4.658002
0.238761 -4.660154
0.239760 -4.662195
0.240759 -4.664125
0.241758 -4.665945
0.242757 -4.667656
0.243756 -4.669257
0.244755 -4.670749
0.245754 -4.672132
0.246753 -4.673407
0.247752 -4.674574
0.248751 -4.675633
0.249750 -4.676584
0.250749 -4.677428
0.251748 -4.678165
0.252747 -4.678795
0.253746 -4.679319
0.254745 -4.679737
0.255744 -4.680049
0.256743 -4.680255
0.257742 -4.680356
0.258741 -4.680352
0.259740 -4.680243
0.260739 -4.680030
0.261738 -4.679712
0.262737 -4.679291
0.263736 -4.678765
0.264735 -4.678136
0.265734 -4.677404
0.266733 -4.676569
0.267732 -4.675631
0.268731 -4.674590
0.269730 -4.673448
0.270729 -4.672203
0.271728 -4.670856
0.272727 -4.669407
0.273726 -4.667858
0.274725 -4.666207
0.275724 -4.664455
0.276723 -4.662602
0.277722 -4.660649
0.278721 -4.658595
0.279720 -4.656441
0.280719 -4.654188
0.281718 -4.651834
0.282717 -4.649382
0.283716 -4.646829
0.284715 -4.644178
0.285714 -4.641428
0.286713 -4.638579
0.287712 -4.635632
0.288711 -4.632586
0.289710 -4.629442
0.290709 -4.626200
0.291708 -4.622860
0.292707 -4.619423
0.293706 -4.615888
0.294705 -4.612256
0.295704 -4.608526
0.296703 -4.604700
0.297702 -4.600777
0.298701 -4.596758
0.299700 -4.592642
0.300699 -4.588430
0.301698 -4.584122
0.302697 -4.579718
0.303696 -4.575218
0.304695 -4.570622
0.305694 -4.565931
0.306693 -4.561145
0.307692 -4.556264
0.308691 -4.551288
0.309690 -4.546216
0.310689 -4.541050
0.311688 -4.535790
0.312687 -4.530435
0.313686 -4.524986
0.314685 -4.519443
0.315684 -4.513806
0.316683 -4.508075
0.317682 -4.502250
0.318681 -4.496332
0.319680 -4.490321
0.320679 -4.484216
0.321678 -4.478018
0.322677 -4.471727
0.323676 -4.465343
0.324675 -4.458866
0.325674 -4.452297
0.326673 -4.445635
0.327672 -4.438881
0.328671 -4.432035
0.329670 -4.425096
0.330669 -4.418066
0.331668 -4.410944
0.332667 -4.403730
0.333666 -4.396424
0.334665 -4.389027
0.335664 -4.381539
0.336663 -4.373959
0.337662 -4.366288
0.338661 -4.358526
0.339660 -4.350673
0.340659 -4.342730
0.341658 -4.334695
0.342657 -4.326570
0.343656 -4.318355
0.344655 -4.310049
0.345654 -4.301653
0.346653 -4.293167
0.347652 -4.284591
0.348651 -4.275925
0.349650 -4.267170
0.350649 -4.258324
0.351648 -4.249389
0.352647 -4.240365
0.353646 -4.231251
0.354645 -4.222047
0.355644 -4.212755
0.356643 -4.203374
0.357642 -4.193903
0.358641 -4.184344
0.359640 -4.174696
0.360639 -4.164959
0.361638 -4.155134
0.362637 -4.145220
0.363636 -4.135218
0.364635 -4.125128
0.365634 -4.114949
0.366633 -4.104682
0.367632 -4.094328
0.368631 -4.083885
0.369630 -4.073355
0.370629 -4.062737
0.371628 -4.052031
0.372627 -4.041238
0.373626 -4.030358
0.374625 -4.019390
0.375624 -4.008335
0.376623 -3.997193
0.377622 -3.985964
0.378621 -3.974647
0.379620 -3.963244
0.380619 -3.951755
0.381618 -3.940178
0.382617 -3.928515
0.383616 -3.916765
0.384615 -3.904930
0.385614 -3.893007
0.386613 -3.880999
0.387612 -3.868904
0.388611 -3.856723
0.389610 -3.844457
0.390609 -3.832104
0.391608 -3.819666
0.392607 -3.807142
0.393606 -3.794532
0.394605 -3.781837
0.395604 -3.769057
0.396603 -3.756191
0.397602 -3.743239
0.398601 -3.730203
0.399600 -3.717081
0.400599 -3.703875
0.401598 -3.690584
0.402597 -3.677207
0.403596 -3.663746
0.404595 -3.650201
0.405594 -3.636570
0.406593 -3.622856
0.407592 -3.609057
0.408591 -3.595173
0.409590 -3.581205
0.410589 -3.567153
0.411588 -3.553018
0.412587 -3.538798
0.413586 -3.524494
0.414585 -3.510106
0.415584 -3.495635
0.416583 -3.481080
0.417582 -3.466441
0.418581 -3.451719
0.419580 -3.436913
0.420579 -3.422025
0.421578 -3.407052
0.422577 -3.391997
0.423576 -3.376859
0.424575 -3.361638
0.425574 -3.346333
0.426573 -3.330946
0.427572 -3.315477
0.428571 -3.299924
0.429570 -3.284289
0.430569 -3.268572
0.431568 -3.252772
0.432567 -3.236890
0.433566 -3.220926
0.434565 -3.204879
0.435564 -3.188750
0.436563 -3.172540
0.437562 -3.156247
0.438561 -3.139873
0.439560 -3.123417
0.440559 -3.106879
0.441558 -3.090260
0.442557 -3.073559
0.443556 -3.056777
0.444555 -3.039913
0.445554 -3.022969
0.446553 -3.005943
0.447552 -2.988836
0.448551 -2.971648
0.449550 -2.954379
0.450549 -2.937030
0.451548 -2.919599
0.452547 -2.902088
0.453546 -2.884497
0.454545 -2.866825
0.455544 -2.849072
0.456543 -2.831240
0.457542 -2.813327
0.458541 -2.795334
0.459540 -2.777261
0.460539 -2.759108
0.461538 -2.740875
0.462537 -2.722562
0.463536 -2.704169
0.464535 -2.685697
0.465534 -2.667146
0.466533 -2.648515
0.467532 -2.629804
0.468531 -2.611015
0.469530 -2.592146
0.470529 -2.573198
0.471528 -2.554171
0.472527 -2.535065
0.473526 -2.515880
0.474525 -2.496616
0.475524 -2.477274
0.476523 -2.457853
0.477522 -2.438354
0.478521 -2.418776
0.479520 -2.399120
0.480519 -2.379386
0.481518 -2.359573
0.482517 -2.339683
0.483516 -2.319715
0.484515 -2.299668
0.485514 -2.279544
0.486513 -2.259342
0.487512 -2.239063
0.488512 -2.218706
0.489510 -2.198272
0.490509 -2.177760
0.491508 -2.157171
0.492507 -2.136505
0.493506 -2.115762
0.494505 -2.094941
0.495504 -2.074044
0.496504 -2.053070
0.497503 -2.032020
0.498502 -2.010892
0.499501 -1.989689
0.500499 -1.968408
0.501499 -1.947052
0.502497 -1.925619
0.503497 -1.904110
0.504496 -1.882525
0.505495 -1.860864
0.506494 -1.839127
0.507492 -1.817315
0.508492 -1.795426
0.509490 -1.773462
0.510490 -1.751423
0.511488 -1.729308
0.512488 -1.707117
0.513487 -1.684852
0.514486 -1.662511
0.515485 -1.640096
0.516484 -1.617605
0.517483 -1.595040
0.518481 -1.572399
0.519481 -1.549684
0.520480 -1.526895
0.521479 -1.504031
0.522478 -1.481093
0.523477 -1.458080
0.524476 -1.434993
0.525475 -1.411832
0.526474 -1.388597
0.527473 -1.365289
0.528472 -1.341906
0.529471 -1.318450
0.530470 -1.294920
0.531469 -1.271317
0.532468 -1.247640
0.533467 -1.223890
0.534466 -1.200066
0.535465 -1.176170
0.536464 -1.152200
0.537463 -1.128158
0.538462 -1.104043
0.539461 -1.079855
0.540460 -1.055594
0.541459 -1.031261
0.542458 -1.006856
0.543457 -0.982378
0.544456 -0.957828
0.545455 -0.933206
0.546454 -0.908511
0.547453 -0.883745
0.548452 -0.858907
0.549451 -0.833998
0.550450 -0.809017
0.551449 -0.783964
0.552448 -0.758840
0.553447 -0.733644
0.554446 -0.708377
0.555445 -0.683039
0.556444 -0.657631
0.557443 -0.632151
0.558442 -0.606600
0.559441 -0.580979
0.560440 -0.555287
0.561439 -0.529525
0.562438 -0.503692
0.563437 -0.477789
0.564436 -0.451816
0.565435 -0.425773
0.566434 -0.399659
0.567433 -0.373476
0.568432 -0.347224
0.569431 -0.320901
0.570430 -0.294509
0.571429 -0.268047
0.572428 -0.241517
0.573427 -0.214916
0.574426 -0.188247
0.575425 -0.161509
0.576424 -0.134702
0.577423 -0.107826
0.578422 -0.080881
0.579421 -0.053868
0.580420 -0.026786
0.581419 0.000364
0.582418 0.027583
0.583417 0.054869
0.584416 0.082224
0.585415 0.109647
0.586414 0.137137
0.587413 0.164695
0.588412 0.192321
0.589411 0.220015
0.590410 0.247776
0.591409 0.275604
0.592408 0.303499
0.593407 0.331461
0.594406 0.359491
0.595405 0.387587
0.596404 0.415750
0.597403 0.443980
0.598402 0.472276
0.599401 0.500639
0.600400 0.529068
0.601399 0.557563
0.602398 0.586124
0.603397 0.614751
0.604396 0.643444
0.605395 0.672203
0.606394 0.701028
0.607393 0.729918
0.608392 0.758874
0.609391 0.787895
0.610390 0.816981
0.611389 0.846132
0.612388 0.875348
0.613387 0.904629
0.614386 0.933975
0.615385 0.963385
0.616384 0.992860
0.617383 1.022400
0.618382 1.052004
0.619381 1.081672
0.620380 1.111404
0.621379 1.141200
0.622378 1.171060
0.623377 1.200983
0.624376 1.230971
0.625375 1.261022
0.626374 1.291136
0.627373 1.321313
0.628372 1.351554
0.629371 1.381858
0.630370 1.412225
0.631369 1.442654
0.632368 1.473147
0.633367 1.503702
0.634366 1.534319
0.635365 1.564999
0.636364 1.595741
0.637363 1.626545
0.638362 1.657412
0.639361 1.688340
0.640360 1.719330
0.641359 1.750382
0.642358 1.781495
0.643357 1.812670
0.644356 1.843906
0.645355 1.875204
0.646354 1.906562
0.647353 1.937982
0.648352 1.969462
0.649351 2.001003
0.650350 2.032605
0.651349 2.064268
0.652348 2.095991
0.653347 2.127774
0.654346 2.159617
0.655345 2.191521
0.656344 2.223484
0.657343 2.255507
0.658342 2.287590
0.659341 2.319733
0.660340 2.351935
0.661339 2.384197
0.662338 2.416517
0.663337 2.448897
0.664336 2.481336
0.665335 2.513834
0.666334 2.546391
0.667333 2.579006
0.668332 2.611680
0.669331 2.644413
0.670330 2.677204
0.671329 2.710053
0.672328 2.742960
0.673327 2.775925
0.674326 2.808948
0.675325 2.842029
0.676324 2.875167
0.677323 2.908363
0.678322 2.941616
0.679321 2.974927
0.680320 3.008295
0.681319 3.041719
0.682318 3.075201
0.683317 3.108740
0.684316 3.142335
0.685315 3.175987
0.686314 3.209695
0.687313 3.243460
0.688312 3.277281
0.689311 3.311158
0.690310 3.345091
0.691309 3.379080
0.692308 3.413125
0.693307 3.447225
0.694306 3.481381
0.695305 3.515593
0.696304 3.549859
0.697303 3.584181
0.698302 3.618558
0.699301 3.652990
0.700300 3.687477
0.701299 3.722019
0.702298 3.756615
0.703297 3.791265
0.704296 3.825970
0.705295 3.860730
0.706294 3.895543
0.707293 3.930410
0.708292 3.965332
0.709291 4.000307
0.710290 4.035336
0.711289 4.070418
0.712288 4.105554
0.713287 4.140743
0.714286 4.175986
0.715285 4.211281
0.716284 4.246630
0.717283 4.282031
0.718282 4.317485
0.719281 4.352992
0.720280 4.388551
0.721279 4.424163
0.722278 4.459827
0.723277 4.495543
0.724276 4.531312
0.725275 4.567132
0.726274 4.603004
0.727273 4.638928
0.728272 4.674903
0.729271 4.710930
0.730270 4.747008
0.731269 4.783138
0.732268 4.819319
0.733267 4.855550
0.734266 4.891833
0.735265 4.928167
0.736264 4.964551
0.737263 5.000986
0.738262 5.037471
0.739261 5.074007
0.740260 5.110592
0.741259 5.147228
0.742258 5.183914
0.743257 5.220650
0.744256 5.257436
0.745255 5.294272
0.746254 5.331157
0.747253 5.368091
0.748252 5.405075
0.749251 5.442108
0.750250 5.479190
0.751249 5.516322
0.752248 5.553502
0.753247 5.590731
0.754246 5.628008
0.755245 5.665335
0.756244 5.702709
0.757243 5.740132
0.758242 5.777604
0.759241 5.815123
0.760240 5.852690
0.761239 5.890306
0.762238 5.927969
0.763237 5.965680
0.764236 6.003438
0.765235 6.041244
0.766234 6.079097
0.767233 6.116998
0.768232 6.154946
0.769231 6.192940
0.770230 6.230982
0.771229 6.269071
0.772228 6.307206
0.773227 6.345388
0.774226 6.383616
0.775225 6.421891
0.776224 6.460212
0.777223 6.498579
0.778222 6.536993
0.779221 6.575452
0.780220 6.613957
0.781219 6.652508
0.782218 6.691105
0.783217 6.729747
0.784216 6.768435
0.785215 6.807168
0.786214 6.845946
0.787213 6.884769
0.788212 6.923638
0.789211 6.962551
0.790210 7.001510
0.791209 7.040513
0.792208 7.079560
0.793207 7.118652
0.794206 7.157789
0.795205 7.196970
0.796204 7.236195
0.797203 7.275464
0.798202 7.314777
0.799201 7.354134
0.800200 7.393535
0.801199 7.432980
0.802198 7.472469
0.803197 7.512000
0.804196 7.551576
0.805195 7.591194
0.806194 7.630856
0.807193 7.670561
0.808192 7.710309
0.809191 7.750100
0.810190 7.789934
0.811189 7.829810
0.812188 7.869729
0.813187 7.909691
0.814186 7.949695
0.815185 7.989742
0.816184 8.029831
0.817183 8.069962
0.818182 8.110135
0.819181 8.150350
0.820180 8.190606
0.821179 8.230905
0.822178 8.271245
0.823177 8.311627
0.824176 8.352051
0.825175 8.392516
0.826174 8.433022
0.827173 8.473570
0.828172 8.514158
0.829171 8.554788
0.830170 8.595459
0.831169 8.636170
0.832168 8.676922
0.833167 8.717715
0.834166 8.758549
0.835165 8.799423
0.836164 8.840338
0.837163 8.881293
0.838162 8.922288
0.839161 8.963323
0.840160 9.004399
0.841159 9.045514
0.842158 9.086669
0.843157 9.127865
0.844156 9.169100
0.845155 9.210374
0.846154 9.251688
0.847153 9.293042
0.848152 9.334435
0.849151 9.375868
0.850150 9.417339
0.851149 9.458850
0.852148 9.500400
0.853147 9.541989
0.854146 9.583617
0.855145 9.625283
0.856144 9.666989
0.857143 9.708733
0.858142 9.750516
0.859141 9.792337
0.860140 9.834197
0.861139 9.876095
0.862138 9.918031
0.863137 9.960006
0.864136 10.002019
0.865135 10.044069
0.866134 10.086158
0.867133 10.128285
0.868132 10.170449
0.869131 10.212652
0.870130 10.254892
0.871129 10.297170
0.872128 10.339485
0.873127 10.381838
0.874126 10.424228
0.875125 10.466655
0.876124 10.509120
0.877123 10.551622
0.878122 10.594161
0.879121 10.636737
0.880120 10.679350
0.881119 10.722000
0.882118 10.764687
0.883117 10.807411
0.884116 10.850171
0.885115 10.892968
0.886114 10.935802
0.887113 10.978672
0.888112 11.021579
0.889111 11.064522
0.890110 11.107502
0.891109 11.150517
0.892108 11.193569
0.893107 11.236658
0.894106 11.279782
0.895105 11.322942
0.896104 11.366138
0.897103 11.409371
0.898102 11.452639
0.899101 11.495943
0.900100 11.539282
0.901099 11.582657
0.902098 11.626068
0.903097 11.669515
0.904096 11.712997
0.905095 11.756514
0.906094 11.800067
0.907093 11.843656
0.908092 11.887279
0.909091 11.930938
0.910090 11.974632
0.911089 12.018362
0.912088 12.062126
0.913087 12.105925
0.914086 12.149760
0.915085 12.193629
0.916084 12.237533
0.917083 12.281473
0.918082 12.325447
0.919081 12.369455
0.920080 12.413499
0.921079 12.457577
0.922078 12.501690
0.923077 12.545837
0.924076 12.590019
0.925075 12.634236
0.926074 12.678487
0.927073 12.722772
0.928072 12.767092
0.929071 12.811446
0.930070 12.855834
0.931069 12.900257
0.932068 12.944714
0.933067 12.989205
0.934066 13.033730
0.935065 13.078290
0.936064 13.122883
0.937063 13.167511
0.938062 13.212173
0.939061 13.256868
0.940060 13.301598
0.941059 13.346361
0.942058 13.391159
0.943057 13.435990
0.944056 13.480855
0.945055 13.525754
0.946054 13.570687
0.947053 13.615653
0.948052 13.660654
0.949051 13.705687
0.950050 13.750755
0.951049 13.795856
0.952048 13.840991
0.953047 13.886160
0.954046 13.931362
0.955045 13.976597
0.956044 14.021866
0.957043 14.067169
0.958042 14.112505
0.959041 14.157875
0.960040 14.203278
0.961039 14.248715
0.962038 14.294185
0.963037 14.339688
0.964036 14.385225
0.965035 14.430795
0.966034 14.476399
0.967033 14.522036
0.968032 14.567706
0.969031 14.613410
0.970030 14.659147
0.971029 14.704917
0.972028 14.750721
0.973027 14.796558
0.974026 14.842428
0.975025 14.888332
0.976024 14.934268
0.977023 14.980238
0.978022 15.026242
0.979021 15.072278
0.980020 15.118348
0.981019 15.164452
0.982018 15.210588
0.983017 15.256758
0.984016 15.302961
0.985015 15.349197
0.986014 15.395466
0.987013 15.441769
0.988012 15.488105
0.989011 15.534474
0.990010 15.580877
0.991009 15.627313
0.992008 15.673782
0.993007 15.720285
0.994006 15.766821
0.995005 15.813390
0.996004 15.859992
0.997003 15.906628
0.998002 15.953297
0.999001 16.000000
