0.000000 2.715528
0.000999 2.636988
0.001998 2.559264
0.002997 2.482347
0.003996 2.406227
0.004995 2.330897
0.005994 2.256347
0.006993 2.182569
0.007992 2.109555
0.008991 2.037297
0.009990 1.965786
0.010989 1.895014
0.011988 1.824974
0.012987 1.755657
0.013986 1.687055
0.014985 1.619162
0.015984 1.551969
0.016983 1.485469
0.017982 1.419654
0.018981 1.354518
0.019980 1.290052
0.020979 1.226250
0.021978 1.163105
0.022977 1.100609
0.023976 1.038757
0.024975 0.977540
0.025974 0.916953
0.026973 0.856988
0.027972 0.797640
0.028971 0.738901
0.029970 0.680765
0.030969 0.623226
0.031968 0.566278
0.032967 0.509914
0.033966 0.454129
0.034965 0.398916
0.035964 0.344269
0.036963 0.290183
0.037962 0.236651
0.038961 0.183669
0.039960 0.131229
0.040959 0.079328
0.041958 0.027958
0.042957 -0.022885
0.043956 -0.073206
0.044955 -0.123012
0.045954 -0.172307
0.046953 -0.221096
0.047952 -0.269385
0.048951 -0.317179
0.049950 -0.364483
0.050949 -0.411301
0.051948 -0.457640
0.052947 -0.503502
0.053946 -0.548894
0.054945 -0.593819
0.055944 -0.638284
0.056943 -0.682291
0.057942 -0.725847
0.058941 -0.768954
0.059940 -0.811618
0.060939 -0.853844
0.061938 -0.895635
0.062937 -0.936995
0.063936 -0.977929
0.064935 -1.018442
0.065934 -1.058537
0.066933 -1.098218
0.067932 -1.137489
0.068931 -1.176355
0.069930 -1.214819
0.070929 -1.252885
0.071928 -1.290557
0.072927 -1.327838
0.073926 -1.364733
0.074925 -1.401246
0.075924 -1.437379
0.076923 -1.473136
0.077922 -1.508522
0.078921 -1.543538
0.079920 -1.578190
0.080919 -1.612480
0.081918 -1.646412
0.082917 -1.679989
0.083916 -1.713215
0.084915 -1.746092
0.085914 -1.778624
0.086913 -1.810814
0.087912 -1.842666
0.088911 -1.874181
0.089910 -1.905364
0.090909 -1.936218
0.091908 -1.966745
0.092907 -1.996948
0.093906 -2.026831
0.094905 -2.056396
0.095904 -2.085645
0.096903 -2.114583
0.097902 -2.143211
0.098901 -2.171533
0.099900 -2.199551
0.100899 -2.227268
0.101898 -2.254686
0.102897 -2.281808
0.103896 -2.308636
0.104895 -2.335174
0.105894 -2.361424
0.106893 -2.387387
0.107892 -2.413068
0.108891 -2.438467
0.109890 -2.463588
0.110889 -2.488432
0.111888 -2.513003
0.112887 -2.537302
0.113886 -2.561332
0.114885 -2.585095
0.115884 -2.608593
0.116883 -2.631828
0.117882 -2.654803
0.118881 -2.677520
0.119880 -2.699980
0.120879 -2.722187
0.121878 -2.744141
0.122877 -2.765845
0.123876 -2.787302
0.124875 -2.808512
0.125874 -2.829479
0.126873 -2.850203
0.127872 -2.870687
0.128871 -2.890933
0.129870 -2.910943
0.130869 -2.930717
0.131868 -2.950260
0.132867 -2.969571
0.133866 -2.988653
0.134865 -3.007507
0.135864 -3.026136
0.136863 -3.044541
0.137862 -3.062724
0.138861 -3.080686
0.139860 -3.098429
0.140859 -3.115954
0.141858 -3.133264
0.142857 -3.150360
0.143856 -3.167243
0.144855 -3.183915
0.145854 -3.200378
0.146853 -3.216633
0.147852 -3.232681
0.148851 -3.248524
0.149850 -3.264163
0.150849 -3.279601
0.151848 -3.294837
0.152847 -3.309875
0.153846 -3.324714
0.154845 -3.339357
0.155844 -3.353804
0.156843 -3.368058
0.157842 -3.382119
0.158841 -3.395988
0.159840 -3.409668
0.160839 -3.423159
0.161838 -3.436462
0.162837 -3.449580
0.163836 -3.462512
0.164835 -3.475260
0.165834 -3.487825
0.166833 -3.500210
0.167832 -3.512413
0.168831 -3.524438
0.169830 -3.536285
0.170829 -3.547954
0.171828 -3.559448
0.172827 -3.570767
0.173826 -3.581912
0.174825 -3.592885
0.175824 -3.603686
0.176823 -3.614317
0.177822 -3.624778
0.178821 -3.635071
0.179820 -3.645196
0.180819 -3.655154
0.181818 -3.664947
0.182817 -3.674576
0.183816 -3.684041
0.184815 -3.693343
0.185814 -3.702483
0.186813 -3.711462
0.187812 -3.720282
0.188811 -3.728942
0.189810 -3.737444
0.190809 -3.745789
0.191808 -3.753977
0.192807 -3.762010
0.193806 -3.769888
0.194805 -3.777612
0.195804 -3.785182
0.196803 -3.792600
0.197802 -3.799867
0.198801 -3.806983
0.199800 -3.813949
0.200799 -3.820765
0.201798 -3.827434
0.202797 -3.833954
0.203796 -3.840327
0.204795 -3.846554
0.205794 -3.852635
0.206793 -3.858572
0.207792 -3.864364
0.208791 -3.870013
0.209790 -3.875519
0.210789 -3.880883
0.211788 -3.886105
0.212787 -3.891186
0.213786 -3.896128
0.214785 -3.900930
0.215784 -3.905592
0.216783 -3.910117
0.217782 -3.914504
0.218781 -3.918754
0.219780 -3.922867
0.220779 -3.926845
0.221778 -3.930687
0.222777 -3.934394
0.223776 -3.937968
0.224775 -3.941407
0.225774 -3.944714
0.226773 -3.947888
0.227772 -3.950931
0.228771 -3.953841
0.229770 -3.956621
0.230769 -3.959271
0.231768 -3.961791
0.232767 -3.964182
0.233766 -3.966443
0.234765 -3.968577
0.235764 -3.970582
0.236763 -3.972460
0.237762 -3.974212
0.238761 -3.975836
0.239760 -3.977335
0.240759 -3.978709
0.241758 -3.979957
0.242757 -3.981081
0.243756 -3.982081
0.244755 -3.982957
0.245754 -3.983709
0.246753 -3.984339
0.247752 -3.984847
0.248751 -3.985232
0.249750 -3.985496
0.250749 -3.985639
0.251748 -3.985661
0.252747 -3.985562
0.253746 -3.985344
0.254745 -3.985005
0.255744 -3.984548
0.256743 -3.983972
0.257742 -3.983277
0.258741 -3.982464
0.259740 -3.981534
0.260739 -3.980486
0.261738 -3.979321
0.262737 -3.978039
0.263736 -3.976641
0.264735 -3.975126
0.265734 -3.973497
0.266733 -3.971751
0.267732 -3.969891
0.268731 -3.967916
0.269730 -3.965827
0.270729 -3.963624
0.271728 -3.961307
0.272727 -3.958876
0.273726 -3.956333
0.274725 -3.953676
0.275724 -3.950907
0.276723 -3.948026
0.277722 -3.945033
0.278721 -3.941928
0.279720 -3.938712
0.280719 -3.935384
0.281718 -3.931946
0.282717 -3.928397
0.283716 -3.924738
0.284715 -3.920969
0.285714 -3.917091
0.286713 -3.913102
0.287712 -3.909005
0.288711 -3.904799
0.289710 -3.900483
0.290709 -3.896060
0.291708 -3.891528
0.292707 -3.886888
0.293706 -3.882140
0.294705 -3.877285
0.295704 -3.872323
0.296703 -3.867253
0.297702 -3.862077
0.298701 -3.856794
0.299700 -3.851405
0.300699 -3.845910
0.301698 -3.840308
0.302697 -3.834601
0.303696 -3.828789
0.304695 -3.822871
0.305694 -3.816848
0.306693 -3.810720
0.307692 -3.804488
0.308691 -3.798151
0.309690 -3.791710
0.310689 -3.785165
0.311688 -3.778516
0.312687 -3.771763
0.313686 -3.764906
0.314685 -3.757947
0.315684 -3.750884
0.316683 -3.743719
0.317682 -3.736450
0.318681 -3.729079
0.319680 -3.721606
0.320679 -3.714030
0.321678 -3.706353
0.322677 -3.698573
0.323676 -3.690692
0.324675 -3.682709
0.325674 -3.674625
0.326673 -3.666440
0.327672 -3.658154
0.328671 -3.649767
0.329670 -3.641279
0.330669 -3.632690
0.331668 -3.624002
0.332667 -3.615213
0.333666 -3.606324
0.334665 -3.597335
0.335664 -3.588246
0.336663 -3.579057
0.337662 -3.569769
0.338661 -3.560382
0.339660 -3.550896
0.340659 -3.541310
0.341658 -3.531626
0.342657 -3.521843
0.343656 -3.511961
0.344655 -3.501981
0.345654 -3.491903
0.346653 -3.481726
0.347652 -3.471451
0.348651 -3.461078
0.349650 -3.450608
0.350649 -3.440040
0.351648 -3.429374
0.352647 -3.418611
0.353646 -3.407750
0.354645 -3.396793
0.355644 -3.385738
0.356643 -3.374586
0.357642 -3.363338
0.358641 -3.351993
0.359640 -3.340551
0.360639 -3.329013
0.361638 -3.317379
0.362637 -3.305649
0.363636 -3.293822
0.364635 -3.281900
0.365634 -3.269881
0.366633 -3.257767
0.367632 -3.245557
0.368631 -3.233252
0.369630 -3.220852
0.370629 -3.208356
0.371628 -3.195765
0.372627 -3.183079
0.373626 -3.170298
0.374625 -3.157422
0.375624 -3.144452
0.376623 -3.131387
0.377622 -3.118227
0.378621 -3.104973
0.379620 -3.091624
0.380619 -3.078182
0.381618 -3.064645
0.382617 -3.051014
0.383616 -3.037290
0.384615 -3.023471
0.385614 -3.009559
0.386613 -2.995554
0.387612 -2.981455
0.388611 -2.967262
0.389610 -2.952976
0.390609 -2.938597
0.391608 -2.924125
0.392607 -2.909560
0.393606 -2.894902
0.394605 -2.880151
0.395604 -2.865307
0.396603 -2.850371
0.397602 -2.835342
0.398601 -2.820221
0.399600 -2.805007
0.400599 -2.789701
0.401598 -2.774303
0.402597 -2.758813
0.403596 -2.743231
0.404595 -2.727557
0.405594 -2.711791
0.406593 -2.695933
0.407592 -2.679984
0.408591 -2.663944
0.409590 -2.647812
0.410589 -2.631588
0.411588 -2.615273
0.412587 -2.598867
0.413586 -2.582370
0.414585 -2.565782
0.415584 -2.549103
0.416583 -2.532333
0.417582 -2.515473
0.418581 -2.498522
0.419580 -2.481480
0.420579 -2.464348
0.421578 -2.447125
0.422577 -2.429812
0.423576 -2.412408
0.424575 -2.394915
0.425574 -2.377331
0.426573 -2.359658
0.427572 -2.341894
0.428571 -2.324041
0.429570 -2.306098
0.430569 -2.288066
0.431568 -2.269943
0.432567 -2.251732
0.433566 -2.233430
0.434565 -2.215040
0.435564 -2.196560
0.436563 -2.177991
0.437562 -2.159333
0.438561 -2.140586
0.439560 -2.121750
0.440559 -2.102826
0.441558 -2.083812
0.442557 -2.064710
0.443556 -2.045519
0.444555 -2.026240
0.445554 -2.006872
0.446553 -1.987416
0.447552 -1.967872
0.448551 -1.948239
0.449550 -1.928518
0.450549 -1.908709
0.451548 -1.888813
0.452547 -1.868828
0.453546 -1.848756
0.454545 -1.828595
0.455544 -1.808348
0.456543 -1.788012
0.457542 -1.767589
0.458541 -1.747079
0.459540 -1.726482
0.460539 -1.705797
0.461538 -1.685025
0.462537 -1.664166
0.463536 -1.643220
0.464535 -1.622187
0.465534 -1.601067
0.466533 -1.579860
0.467532 -1.558567
0.468531 -1.537187
0.469530 -1.515720
0.470529 -1.494167
0.471528 -1.472528
0.472527 -1.450802
0.473526 -1.428991
0.474525 -1.407093
0.475524 -1.385108
0.476523 -1.363038
0.477522 -1.340882
0.478521 -1.318641
0.479520 -1.296313
0.480519 -1.273900
0.481518 -1.251401
0.482517 -1.228817
0.483516 -1.206147
0.484515 -1.183392
0.485514 -1.160552
0.486513 -1.137626
0.487512 -1.114615
0.488512 -1.091520
0.489510 -1.068339
0.490509 -1.045073
0.491508 -1.021723
0.492507 -0.998288
0.493506 -0.974768
0.494505 -0.951164
0.495504 -0.927475
0.496504 -0.903702
0.497503 -0.879844
0.498502 -0.855903
0.499501 -0.831877
0.500499 -0.807767
0.501499 -0.783573
0.502497 -0.759295
0.503497 -0.734933
0.504496 -0.710487
0.505495 -0.685958
0.506494 -0.661345
0.507492 -0.636649
0.508492 -0.611869
0.509490 -0.587006
0.510490 -0.562060
0.511488 -0.537030
0.512488 -0.511917
0.513487 -0.486722
0.514486 -0.461443
0.515485 -0.436081
0.516484 -0.410637
0.517483 -0.385110
0.518481 -0.359500
0.519481 -0.333808
0.520480 -0.308033
0.521479 -0.282176
0.522478 -0.256236
0.523477 -0.230215
0.524476 -0.204111
0.525475 -0.177925
0.526474 -0.151657
0.527473 -0.125307
0.528472 -0.098876
0.529471 -0.072362
0.530470 -0.045767
0.531469 -0.019091
0.532468 0.007667
0.533467 0.034507
0.534466 0.061427
0.535465 0.088429
0.536464 0.115512
0.537463 0.142677
0.538462 0.169922
0.539461 0.197248
0.540460 0.224655
0.541459 0.252142
0.542458 0.279711
0.543457 0.307359
0.544456 0.335089
0.545455 0.362899
0.546454 0.390789
0.547453 0.418759
0.548452 0.446809
0.549451 0.474940
0.550450 0.503150
0.551449 0.531441
0.552448 0.559811
0.553447 0.588261
0.554446 0.616790
0.555445 0.645399
0.556444 0.674088
0.557443 0.702856
0.558442 0.731703
0.559441 0.760629
0.560440 0.789635
0.561439 0.818720
0.562438 0.847883
0.563437 0.877126
0.564436 0.906447
0.565435 0.935847
0.566434 0.965325
0.567433 0.994882
0.568432 1.024518
0.569431 1.054231
0.570430 1.084024
0.571429 1.113894
0.572428 1.143842
0.573427 1.173868
0.574426 1.203973
0.575425 1.234155
0.576424 1.264415
0.577423 1.294752
0.578422 1.325167
0.579421 1.355660
0.580420 1.386230
0.581419 1.416877
0.582418 1.447601
0.583417 1.478403
0.584416 1.509282
0.585415 1.540237
0.586414 1.571270
0.587413 1.602379
0.588412 1.633565
0.589411 1.664827
0.590410 1.696166
0.591409 1.727582
0.592408 1.759074
0.593407 1.790642
0.594406 1.822286
0.595405 1.854006
0.596404 1.885802
0.597403 1.917674
0.598402 1.949622
0.599401 1.981646
0.600400 2.013745
0.601399 2.045920
0.602398 2.078170
0.603397 2.110496
0.604396 2.142897
0.605395 2.175373
0.606394 2.207924
0.607393 2.240550
0.608392 2.273251
0.609391 2.306027
0.610390 2.338877
0.611389 2.371802
0.612388 2.404802
0.613387 2.437876
0.614386 2.471025
0.615385 2.504248
0.616384 2.537545
0.617383 2.570916
0.618382 2.604361
0.619381 2.637880
0.620380 2.671473
0.621379 2.705139
0.622378 2.738880
0.623377 2.772693
0.624376 2.806581
0.625375 2.840541
0.626374 2.874575
0.627373 2.908682
0.628372 2.942863
0.629371 2.977116
0.630370 3.011442
0.631369 3.045841
0.632368 3.080313
0.633367 3.114857
0.634366 3.149474
0.635365 3.184163
0.636364 3.218925
0.637363 3.253759
0.638362 3.288665
0.639361 3.323644
0.640360 3.358694
0.641359 3.393816
0.642358 3.429010
0.643357 3.464276
0.644356 3.499614
0.645355 3.535023
0.646354 3.570503
0.647353 3.606055
0.648352 3.641678
0.649351 3.677373
0.650350 3.713138
0.651349 3.748975
0.652348 3.784882
0.653347 3.820860
0.654346 3.856909
0.655345 3.893029
0.656344 3.929219
0.657343 3.965480
0.658342 4.001811
0.659341 4.038212
0.660340 4.074684
0.661339 4.111225
0.662338 4.147837
0.663337 4.184518
0.664336 4.221270
0.665335 4.258091
0.666334 4.294982
0.667333 4.331942
0.668332 4.368972
0.669331 4.406071
0.670330 4.443239
0.671329 4.480477
0.672328 4.517784
0.673327 4.555160
0.674326 4.592605
0.675325 4.630118
0.676324 4.667700
0.677323 4.705351
0.678322 4.743071
0.679321 4.780859
0.680320 4.818715
0.681319 4.856640
0.682318 4.894633
0.683317 4.932694
0.684316 4.970823
0.685315 5.009020
0.686314 5.047285
0.687313 5.085618
0.688312 5.124018
0.689311 5.162486
0.690310 5.201022
0.691309 5.239624
0.692308 5.278295
0.693307 5.317032
0.694306 5.355837
0.695305 5.394708
0.696304 5.433647
0.697303 5.472652
0.698302 5.511724
0.699301 5.550863
0.700300 5.590069
0.701299 5.629341
0.702298 5.668680
0.703297 5.708084
0.704296 5.747556
0.705295 5.787093
0.706294 5.826696
0.707293 5.866366
0.708292 5.906101
0.709291 5.945902
0.710290 5.985769
0.711289 6.025702
0.712288 6.065700
0.713287 6.105764
0.714286 6.145893
0.715285 6.186087
0.716284 6.226347
0.717283 6.266671
0.718282 6.307061
0.719281 6.347516
0.720280 6.388036
0.721279 6.428620
0.722278 6.469269
0.723277 6.509983
0.724276 6.550761
0.725275 6.591604
0.726274 6.632511
0.727273 6.673483
0.728272 6.714519
0.729271 6.755619
0.730270 6.796782
0.731269 6.838010
0.732268 6.879302
0.733267 6.920658
0.734266 6.962077
0.735265 7.003560
0.736264 7.045106
0.737263 7.086716
0.738262 7.128390
0.739261 7.170126
0.740260 7.211926
0.741259 7.253789
0.742258 7.295715
0.743257 7.337705
0.744256 7.379757
0.745255 7.421871
0.746254 7.464049
0.747253 7.506289
0.748252 7.548592
0.749251 7.590958
0.750250 7.633385
0.751249 7.675875
0.752248 7.718428
0.753247 7.761042
0.754246 7.803719
0.755245 7.846458
0.756244 7.889259
0.757243 7.932121
0.758242 7.975046
0.759241 8.018032
0.760240 8.061080
0.761239 8.104189
0.762238 8.147360
0.763237 8.190593
0.764236 8.233886
0.765235 8.277241
0.766234 8.320658
0.767233 8.364135
0.768232 8.407673
0.769231 8.451273
0.770230 8.494933
0.771229 8.538654
0.772228 8.582436
0.773227 8.626279
0.774226 8.670182
0.775225 8.714146
0.776224 8.758170
0.777223 8.802255
0.778222 8.846400
0.779221 8.890605
0.780220 8.934871
0.781219 8.979196
0.782218 9.023582
0.783217 9.068028
0.784216 9.112533
0.785215 9.157099
0.786214 9.201724
0.787213 9.246409
0.788212 9.291154
0.789211 9.335958
0.790210 9.380821
0.791209 9.425745
0.792208 9.470727
0.793207 9.515769
0.794206 9.560870
0.795205 9.606030
0.796204 9.651250
0.797203 9.696528
0.798202 9.741866
0.799201 9.787262
0.800200 9.832717
0.801199 9.878232
0.802198 9.923804
0.803197 9.969436
0.804196 10.015126
0.805195 10.060875
0.806194 10.106682
0.807193 10.152548
0.808192 10.198472
0.809191 10.244454
0.810190 10.290495
0.811189 10.336593
0.812188 10.382750
0.813187 10.428965
0.814186 10.475238
0.815185 10.521570
0.816184 10.567959
0.817183 10.614405
0.818182 10.660910
0.819181 10.707472
0.820180 10.754092
0.821179 10.800770
0.822178 10.847506
0.823177 10.894298
0.824176 10.941149
0.825175 10.988056
0.826174 11.035022
0.827173 11.082044
0.828172 11.129124
0.829171 11.176261
0.830170 11.223455
0.831169 11.270706
0.832168 11.318015
0.833167 11.365380
0.834166 11.412802
0.835165 11.460282
0.836164 11.507818
0.837163 11.555411
0.838162 11.603061
0.839161 11.650767
0.840160 11.698530
0.841159 11.746350
0.842158 11.794227
0.843157 11.842160
0.844156 11.890150
0.845155 11.938196
0.846154 11.986298
0.847153 12.034457
0.848152 12.082672
0.849151 12.130944
0.850150 12.179272
0.851149 12.227656
0.852148 12.276096
0.853147 12.324593
0.854146 12.373146
0.855145 12.421754
0.856144 12.470419
0.857143 12.519140
0.858142 12.567917
0.859141 12.616749
0.860140 12.665638
0.861139 12.714582
0.862138 12.763583
0.863137 12.812639
0.864136 12.861751
0.865135 12.910918
0.866134 12.960142
0.867133 13.009421
0.868132 13.058755
0.869131 13.108146
0.870130 13.157592
0.871129 13.207093
0.872128 13.256650
0.873127 13.306263
0.874126 13.355931
0.875125 13.405654
0.876124 13.455433
0.877123 13.505268
0.878122 13.555157
0.879121 13.605103
0.880120 13.655103
0.881119 13.705159
0.882118 13.755270
0.883117 13.805436
0.884116 13.855658
0.885115 13.905935
0.886114 13.956267
0.887113 14.006654
0.888112 14.057097
0.889111 14.107594
0.890110 14.158147
0.891109 14.208755
0.892108 14.259418
0.893107 14.310136
0.894106 14.360910
0.895105 14.411738
0.896104 14.462621
0.897103 14.513560
0.898102 14.564553
0.899101 14.615602
0.900100 14.666705
0.901099 14.717864
0.902098 14.769078
0.903097 14.820346
0.904096 14.871670
0.905095 14.923049
0.906094 14.974482
0.907093 15.025971
0.908092 15.077514
0.909091 15.129113
0.910090 15.180767
0.911089 15.232475
0.912088 15.284239
0.913087 15.336057
0.914086 15.387931
0.915085 15.439859
0.916084 15.491842
0.917083 15.543881
0.918082 15.595974
0.919081 15.648122
0.920080 15.700326
0.921079 15.752584
0.922078 15.804897
0.923077 15.857266
0.924076 15.909689
0.925075 15.962167
0.926074 16.014701
0.927073 16.067289
0.928072 16.119933
0.929071 16.172631
0.930070 16.225385
0.931069 16.278194
0.932068 16.331058
0.933067 16.383977
0.934066 16.436951
0.935065 16.489980
0.936064 16.543065
0.937063 16.596205
0.938062 16.649400
0.939061 16.702650
0.940060 16.755955
0.941059 16.809316
0.942058 16.862732
0.943057 16.916203
0.944056 16.969730
0.945055 17.023312
0.946054 17.076949
0.947053 17.130642
0.948052 17.184391
0.949051 17.238194
0.950050 17.292054
0.951049 17.345968
0.952048 17.399939
0.953047 17.453965
0.954046 17.508047
0.955045 17.562184
0.956044 17.616377
0.957043 17.670626
0.958042 17.724930
0.959041 17.779290
0.960040 17.833707
0.961039 17.888179
0.962038 17.942707
0.963037 17.997291
0.964036 18.051931
0.965035 18.106627
0.966034 18.161379
0.967033 18.216187
0.968032 18.271051
0.969031 18.325972
0.970030 18.380949
0.971029 18.435982
0.972028 18.491072
0.973027 18.546218
0.974026 18.601420
0.975025 18.656679
0.976024 18.711995
0.977023 18.767367
0.978022 18.822796
0.979021 18.878281
0.980020 18.933824
0.981019 18.989423
0.982018 19.045079
0.983017 19.100792
0.984016 19.156562
0.985015 19.212389
0.986014 19.268274
0.987013 19.324215
0.988012 19.380214
0.989011 19.436270
0.990010 19.492384
0.991009 19.548555
0.992008 19.604783
0.993007 19.661070
0.994006 19.717413
0.995005 19.773815
0.996004 19.830274
0.997003 19.886792
0.998002 19.943367
0.999001 20.000000
