0.000000 -2.473452
0.000999 -2.504868
0.001998 -2.536062
0.002997 -2.567036
0.003996 -2.597792
0.004995 -2.628332
0.005994 -2.658657
0.006993 -2.688770
0.007992 -2.718673
0.008991 -2.748366
0.009990 -2.777853
0.010989 -2.807134
0.011988 -2.836212
0.012987 -2.865088
0.013986 -2.893764
0.014985 -2.922241
0.015984 -2.950522
0.016983 -2.978608
0.017982 -3.006500
0.018981 -3.034200
0.019980 -3.061710
0.020979 -3.089031
0.021978 -3.116165
0.022977 -3.143112
0.023976 -3.169876
0.024975 -3.196457
0.025974 -3.222856
0.026973 -3.249076
0.027972 -3.275117
0.028971 -3.300981
0.029970 -3.326669
0.030969 -3.352182
0.031968 -3.377523
0.032967 -3.402692
0.033966 -3.427691
0.034965 -3.452520
0.035964 -3.477182
0.036963 -3.501677
0.037962 -3.526006
0.038961 -3.550172
0.039960 -3.574175
0.040959 -3.598016
0.041958 -3.621696
0.042957 -3.645217
0.043956 -3.668580
0.044955 -3.691786
0.045954 -3.714836
0.046953 -3.737731
0.047952 -3.760472
0.048951 -3.783061
0.049950 -3.805498
0.050949 -3.827784
0.051948 -3.849921
0.052947 -3.871909
0.053946 -3.893750
0.054945 -3.915444
0.055944 -3.936992
0.056943 -3.958396
0.057942 -3.979657
0.058941 -4.000774
0.059940 -4.021750
0.060939 -4.042585
0.061938 -4.063281
0.062937 -4.083837
0.063936 -4.104255
0.064935 -4.124535
0.065934 -4.144680
0.066933 -4.164688
0.067932 -4.184562
0.068931 -4.204302
0.069930 -4.223909
0.070929 -4.243383
0.071928 -4.262726
0.072927 -4.281939
0.073926 -4.301021
0.074925 -4.319974
0.075924 -4.338798
0.076923 -4.357495
0.077922 -4.376065
0.078921 -4.394509
0.079920 -4.412827
0.080919 -4.431020
0.081918 -4.449089
0.082917 -4.467035
0.083916 -4.484857
0.084915 -4.502558
0.085914 -4.520137
0.086913 -4.537595
0.087912 -4.554933
0.088911 -4.572152
0.089910 -4.589251
0.090909 -4.606232
0.091908 -4.623095
0.092907 -4.639842
0.093906 -4.656471
0.094905 -4.672985
0.095904 -4.689383
0.096903 -4.705667
0.097902 -4.721836
0.098901 -4.737891
0.099900 -4.753833
0.100899 -4.769663
0.101898 -4.785380
0.102897 -4.800986
0.103896 -4.816480
0.104895 -4.831864
0.105894 -4.847138
0.106893 -4.862303
0.107892 -4.877358
0.108891 -4.892304
0.109890 -4.907142
0.110889 -4.921873
0.111888 -4.936496
0.112887 -4.951013
0.113886 -4.965423
0.114885 -4.979727
0.115884 -4.993926
0.116883 -5.008019
0.117882 -5.022008
0.118881 -5.035893
0.119880 -5.049674
0.120879 -5.063351
0.121878 -5.076926
0.122877 -5.090397
0.123876 -5.103767
0.124875 -5.117035
0.125874 -5.130201
0.126873 -5.143266
0.127872 -5.156231
0.128871 -5.169095
0.129870 -5.181859
0.130869 -5.194523
0.131868 -5.207088
0.132867 -5.219554
0.133866 -5.231921
0.134865 -5.244190
0.135864 -5.256361
0.136863 -5.268434
0.137862 -5.280410
0.138861 -5.292289
0.139860 -5.304072
0.140859 -5.315757
0.141858 -5.327347
0.142857 -5.338841
0.143856 -5.350239
0.144855 -5.361542
0.145854 -5.372750
0.146853 -5.383864
0.147852 -5.394883
0.148851 -5.405807
0.149850 -5.416638
0.150849 -5.427376
0.151848 -5.438020
0.152847 -5.448570
0.153846 -5.459029
0.154845 -5.469394
0.155844 -5.479667
0.156843 -5.489848
0.157842 -5.499937
0.158841 -5.509935
0.159840 -5.519841
0.160839 -5.529656
0.161838 -5.539380
0.162837 -5.549013
0.163836 -5.558556
0.164835 -5.568009
0.165834 -5.577371
0.166833 -5.586644
0.167832 -5.595827
0.168831 -5.604920
0.169830 -5.613925
0.170829 -5.622840
0.171828 -5.631666
0.172827 -5.640404
0.173826 -5.649053
0.174825 -5.657614
0.175824 -5.666087
0.176823 -5.674472
0.177822 -5.682769
0.178821 -5.690979
0.179820 -5.699101
0.180819 -5.707136
0.181818 -5.715084
0.182817 -5.722946
0.183816 -5.730720
0.184815 -5.738408
0.185814 -5.746010
0.186813 -5.753525
0.187812 -5.760954
0.188811 -5.768298
0.189810 -5.775555
0.190809 -5.782727
0.191808 -5.789814
0.192807 -5.796815
0.193806 -5.803731
0.194805 -5.810562
0.195804 -5.817308
0.196803 -5.823969
0.197802 -5.830546
0.198801 -5.837038
0.199800 -5.843446
0.200799 -5.849770
0.201798 -5.856010
0.202797 -5.862165
0.203796 -5.868237
0.204795 -5.874225
0.205794 -5.880129
0.206793 -5.885950
0.207792 -5.891688
0.208791 -5.897342
0.209790 -5.902914
0.210789 -5.908402
0.211788 -5.913807
0.212787 -5.919130
0.213786 -5.924369
0.214785 -5.929527
0.215784 -5.934602
0.216783 -5.939594
0.217782 -5.944504
0.218781 -5.949332
0.219780 -5.954078
0.220779 -5.958742
0.221778 -5.963325
0.222777 -5.967825
0.223776 -5.972244
0.224775 -5.976581
0.225774 -5.980837
0.226773 -5.985011
0.227772 -5.989104
0.228771 -5.993116
0.229770 -5.997047
0.230769 -6.000897
0.231768 -6.004665
0.232767 -6.008353
0.233766 -6.011961
0.234765 -6.015487
0.235764 -6.018933
0.236763 -6.022299
0.237762 -6.025584
0.238761 -6.028788
0.239760 -6.031913
0.240759 -6.034957
0.241758 -6.037921
0.242757 -6.040805
0.243756 -6.043610
0.244755 -6.046334
0.245754 -6.048978
0.246753 -6.051543
0.247752 -6.054028
0.248751 -6.056434
0.249750 -6.058760
0.250749 -6.061006
0.251748 -6.063174
0.252747 -6.065262
0.253746 -6.067270
0.254745 -6.069200
0.255744 -6.071050
0.256743 -6.072822
0.257742 -6.074514
0.258741 -6.076128
0.259740 -6.077662
0.260739 -6.079118
0.261738 -6.080496
0.262737 -6.081794
0.263736 -6.083014
0.264735 -6.084156
0.265734 -6.085219
0.266733 -6.086204
0.267732 -6.087110
0.268731 -6.087939
0.269730 -6.088689
0.270729 -6.089360
0.271728 -6.089954
0.272727 -6.090470
0.273726 -6.090908
0.274725 -6.091268
0.275724 -6.091550
0.276723 -6.091754
0.277722 -6.091881
0.278721 -6.091930
0.279720 -6.091901
0.280719 -6.091795
0.281718 -6.091611
0.282717 -6.091350
0.283716 -6.091011
0.284715 -6.090596
0.285714 -6.090102
0.286713 -6.089532
0.287712 -6.088885
0.288711 -6.088160
0.289710 -6.087358
0.290709 -6.086480
0.291708 -6.085524
0.292707 -6.084492
0.293706 -6.083383
0.294705 -6.082196
0.295704 -6.080934
0.296703 -6.079594
0.297702 -6.078178
0.298701 -6.076686
0.299700 -6.075117
0.300699 -6.073471
0.301698 -6.071749
0.302697 -6.069951
0.303696 -6.068076
0.304695 -6.066125
0.305694 -6.064098
0.306693 -6.061995
0.307692 -6.059816
0.308691 -6.057561
0.309690 -6.055229
0.310689 -6.052822
0.311688 -6.050339
0.312687 -6.047780
0.313686 -6.045146
0.314685 -6.042435
0.315684 -6.039649
0.316683 -6.036788
0.317682 -6.033851
0.318681 -6.030838
0.319680 -6.027750
0.320679 -6.024587
0.321678 -6.021348
0.322677 -6.018034
0.323676 -6.014644
0.324675 -6.011180
0.325674 -6.007640
0.326673 -6.004026
0.327672 -6.000336
0.328671 -5.996571
0.329670 -5.992732
0.330669 -5.988817
0.331668 -5.984828
0.332667 -5.980764
0.333666 -5.976625
0.334665 -5.972412
0.335664 -5.968124
0.336663 -5.963762
0.337662 -5.959325
0.338661 -5.954813
0.339660 -5.950228
0.340659 -5.945568
0.341658 -5.940833
0.342657 -5.936025
0.343656 -5.931142
0.344655 -5.926186
0.345654 -5.921155
0.346653 -5.916050
0.347652 -5.910872
0.348651 -5.905619
0.349650 -5.900293
0.350649 -5.894893
0.351648 -5.889420
0.352647 -5.883872
0.353646 -5.878252
0.354645 -5.872557
0.355644 -5.866789
0.356643 -5.860948
0.357642 -5.855034
0.358641 -5.849046
0.359640 -5.842985
0.360639 -5.836851
0.361638 -5.830643
0.362637 -5.824363
0.363636 -5.818010
0.364635 -5.811584
0.365634 -5.805085
0.366633 -5.798513
0.367632 -5.791868
0.368631 -5.785151
0.369630 -5.778361
0.370629 -5.771499
0.371628 -5.764564
0.372627 -5.757557
0.373626 -5.750477
0.374625 -5.743326
0.375624 -5.736101
0.376623 -5.728805
0.377622 -5.721437
0.378621 -5.713997
0.379620 -5.706484
0.380619 -5.698900
0.381618 -5.691244
0.382617 -5.683516
0.383616 -5.675717
0.384615 -5.667846
0.385614 -5.659903
0.386613 -5.651889
0.387612 -5.643803
0.388611 -5.635646
0.389610 -5.627418
0.390609 -5.619119
0.391608 -5.610748
0.392607 -5.602306
0.393606 -5.593794
0.394605 -5.585210
0.395604 -5.576556
0.396603 -5.567830
0.397602 -5.559034
0.398601 -5.550168
0.399600 -5.541231
0.400599 -5.532223
0.401598 -5.523145
0.402597 -5.513996
0.403596 -5.504777
0.404595 -5.495488
0.405594 -5.486129
0.406593 -5.476700
0.407592 -5.467201
0.408591 -5.457632
0.409590 -5.447993
0.410589 -5.438284
0.411588 -5.428506
0.412587 -5.418658
0.413586 -5.408741
0.414585 -5.398754
0.415584 -5.388697
0.416583 -5.378572
0.417582 -5.368377
0.418581 -5.358113
0.419580 -5.347780
0.420579 -5.337379
0.421578 -5.326908
0.422577 -5.316368
0.423576 -5.305760
0.424575 -5.295083
0.425574 -5.284337
0.426573 -5.273524
0.427572 -5.262641
0.428571 -5.251691
0.429570 -5.240672
0.430569 -5.229585
0.431568 -5.218430
0.432567 -5.207207
0.433566 -5.195916
0.434565 -5.184557
0.435564 -5.173131
0.436563 -5.161637
0.437562 -5.150075
0.438561 -5.138446
0.439560 -5.126750
0.440559 -5.114986
0.441558 -5.103155
0.442557 -5.091257
0.443556 -5.079293
0.444555 -5.067261
0.445554 -5.055162
0.446553 -5.042997
0.447552 -5.030765
0.448551 -5.018466
0.449550 -5.006102
0.450549 -4.993670
0.451548 -4.981173
0.452547 -4.968609
0.453546 -4.955979
0.454545 -4.943284
0.455544 -4.930522
0.456543 -4.917695
0.457542 -4.904801
0.458541 -4.891843
0.459540 -4.878819
0.460539 -4.865729
0.461538 -4.852574
0.462537 -4.839354
0.463536 -4.826069
0.464535 -4.812719
0.465534 -4.799304
0.466533 -4.785824
0.467532 -4.772279
0.468531 -4.758670
0.469530 -4.744996
0.470529 -4.731258
0.471528 -4.717456
0.472527 -4.703589
0.473526 -4.689658
0.474525 -4.675664
0.475524 -4.661605
0.476523 -4.647483
0.477522 -4.633297
0.478521 -4.619047
0.479520 -4.604734
0.480519 -4.590358
0.481518 -4.575918
0.482517 -4.561416
0.483516 -4.546850
0.484515 -4.532221
0.485514 -4.517529
0.486513 -4.502775
0.487512 -4.487958
0.488512 -4.473079
0.489510 -4.458137
0.490509 -4.443133
0.491508 -4.428067
0.492507 -4.412939
0.493506 -4.397748
0.494505 -4.382496
0.495504 -4.367183
0.496504 -4.351807
0.497503 -4.336370
0.498502 -4.320872
0.499501 -4.305313
0.500499 -4.289692
0.501499 -4.274010
0.502497 -4.258268
0.503497 -4.242465
0.504496 -4.226600
0.505495 -4.210676
0.506494 -4.194691
0.507492 -4.178645
0.508492 -4.162540
0.509490 -4.146374
0.510490 -4.130148
0.511488 -4.113863
0.512488 -4.097517
0.513487 -4.081112
0.514486 -4.064648
0.515485 -4.048124
0.516484 -4.031541
0.517483 -4.014899
0.518481 -3.998198
0.519481 -3.981438
0.520480 -3.964619
0.521479 -3.947741
0.522478 -3.930805
0.523477 -3.913811
0.524476 -3.896758
0.525475 -3.879647
0.526474 -3.862478
0.527473 -3.845251
0.528472 -3.827967
0.529471 -3.810625
0.530470 -3.793225
0.531469 -3.775768
0.532468 -3.758253
0.533467 -3.740682
0.534466 -3.723053
0.535465 -3.705368
0.536464 -3.687626
0.537463 -3.669827
0.538462 -3.651972
0.539461 -3.634060
0.540460 -3.616092
0.541459 -3.598068
0.542458 -3.579988
0.543457 -3.561853
0.544456 -3.543661
0.545455 -3.525414
0.546454 -3.507112
0.547453 -3.488754
0.548452 -3.470341
0.549451 -3.451873
0.550450 -3.433350
0.551449 -3.414772
0.552448 -3.396140
0.553447 -3.377453
0.554446 -3.358712
0.555445 -3.339917
0.556444 -3.321067
0.557443 -3.302164
0.558442 -3.283207
0.559441 -3.264196
0.560440 -3.245132
0.561439 -3.226014
0.562438 -3.206843
0.563437 -3.187619
0.564436 -3.168341
0.565435 -3.149011
0.566434 -3.129629
0.567433 -3.110193
0.568432 -3.090706
0.569431 -3.071166
0.570430 -3.051574
0.571429 -3.031930
0.572428 -3.012234
0.573427 -2.992486
0.574426 -2.972687
0.575425 -2.952836
0.576424 -2.932935
0.577423 -2.912982
0.578422 -2.892978
0.579421 -2.872923
0.580420 -2.852817
0.581419 -2.832661
0.582418 -2.812455
0.583417 -2.792198
0.584416 -2.771891
0.585415 -2.751534
0.586414 -2.731128
0.587413 -2.710671
0.588412 -2.690166
0.589411 -2.669610
0.590410 -2.649006
0.591409 -2.628353
0.592408 -2.607650
0.593407 -2.586899
0.594406 -2.566099
0.595405 -2.545251
0.596404 -2.524354
0.597403 -2.503409
0.598402 -2.482417
0.599401 -2.461376
0.600400 -2.440288
0.601399 -2.419152
0.602398 -2.397968
0.603397 -2.376738
0.604396 -2.355460
0.605395 -2.334135
0.606394 -2.312763
0.607393 -2.291345
0.608392 -2.269881
0.609391 -2.248370
0.610390 -2.226812
0.611389 -2.205209
0.612388 -2.183560
0.613387 -2.161865
0.614386 -2.140125
0.615385 -2.118339
0.616384 -2.096508
0.617383 -2.074632
0.618382 -2.052711
0.619381 -2.030745
0.620380 -2.008734
0.621379 -1.986679
0.622378 -1.964580
0.623377 -1.942437
0.624376 -1.920249
0.625375 -1.898018
0.626374 -1.875743
0.627373 -1.853425
0.628372 -1.831063
0.629371 -1.808658
0.630370 -1.786210
0.631369 -1.763719
0.632368 -1.741185
0.633367 -1.718609
0.634366 -1.695990
0.635365 -1.673330
0.636364 -1.650627
0.637363 -1.627882
0.638362 -1.605096
0.639361 -1.582267
0.640360 -1.559398
0.641359 -1.536487
0.642358 -1.513535
0.643357 -1.490542
0.644356 -1.467509
0.645355 -1.444435
0.646354 -1.421320
0.647353 -1.398165
0.648352 -1.374970
0.649351 -1.351735
0.650350 -1.328461
0.651349 -1.305146
0.652348 -1.281792
0.653347 -1.258399
0.654346 -1.234967
0.655345 -1.211496
0.656344 -1.187986
0.657343 -1.164438
0.658342 -1.140851
0.659341 -1.117225
0.660340 -1.093562
0.661339 -1.069861
0.662338 -1.046121
0.663337 -1.022345
0.664336 -0.998530
0.665335 -0.974679
0.666334 -0.950790
0.667333 -0.926865
0.668332 -0.902902
0.669331 -0.878903
0.670330 -0.854868
0.671329 -0.830796
0.672328 -0.806689
0.673327 -0.782545
0.674326 -0.758366
0.675325 -0.734150
0.676324 -0.709900
0.677323 -0.685614
0.678322 -0.661293
0.679321 -0.636938
0.680320 -0.612547
0.681319 -0.588122
0.682318 -0.563663
0.683317 -0.539169
0.684316 -0.514642
0.685315 -0.490080
0.686314 -0.465485
0.687313 -0.440856
0.688312 -0.416194
0.689311 -0.391498
0.690310 -0.366770
0.691309 -0.342008
0.692308 -0.317214
0.693307 -0.292388
0.694306 -0.267529
0.695305 -0.242638
0.696304 -0.217715
0.697303 -0.192760
0.698302 -0.167774
0.699301 -0.142756
0.700300 -0.117707
0.701299 -0.092626
0.702298 -0.067515
0.703297 -0.042373
0.704296 -0.017200
0.705295 0.008003
0.706294 0.033236
0.707293 0.058500
0.708292 0.083793
0.709291 0.109116
0.710290 0.134469
0.711289 0.159851
0.712288 0.185262
0.713287 0.210702
0.714286 0.236172
0.715285 0.261669
0.716284 0.287196
0.717283 0.312750
0.718282 0.338333
0.719281 0.363944
0.720280 0.389583
0.721279 0.415249
0.722278 0.440943
0.723277 0.466664
0.724276 0.492412
0.725275 0.518187
0.726274 0.543989
0.727273 0.569817
0.728272 0.595672
0.729271 0.621553
0.730270 0.647460
0.731269 0.673393
0.732268 0.699351
0.733267 0.725336
0.734266 0.751345
0.735265 0.777380
0.736264 0.803439
0.737263 0.829524
0.738262 0.855633
0.739261 0.881767
0.740260 0.907925
0.741259 0.934107
0.742258 0.960313
0.743257 0.986542
0.744256 1.012796
0.745255 1.039072
0.746254 1.065372
0.747253 1.091695
0.748252 1.118041
0.749251 1.144410
0.750250 1.170801
0.751249 1.197214
0.752248 1.223650
0.753247 1.250107
0.754246 1.276587
0.755245 1.303088
0.756244 1.329610
0.757243 1.356154
0.758242 1.382719
0.759241 1.409305
0.760240 1.435911
0.761239 1.462538
0.762238 1.489186
0.763237 1.515854
0.764236 1.542542
0.765235 1.569249
0.766234 1.595977
0.767233 1.622724
0.768232 1.649490
0.769231 1.676276
0.770230 1.703080
0.771229 1.729903
0.772228 1.756745
0.773227 1.783606
0.774226 1.810484
0.775225 1.837381
0.776224 1.864296
0.777223 1.891228
0.778222 1.918178
0.779221 1.945146
0.780220 1.972130
0.781219 1.999132
0.782218 2.026151
0.783217 2.053186
0.784216 2.080238
0.785215 2.107306
0.786214 2.134390
0.787213 2.161491
0.788212 2.188607
0.789211 2.215739
0.790210 2.242886
0.791209 2.270049
0.792208 2.297226
0.793207 2.324419
0.794206 2.351626
0.795205 2.378848
0.796204 2.406085
0.797203 2.433336
0.798202 2.460600
0.799201 2.487879
0.800200 2.515171
0.801199 2.542477
0.802198 2.569797
0.803197 2.597129
0.804196 2.624475
0.805195 2.651833
0.806194 2.679204
0.807193 2.706588
0.808192 2.733984
0.809191 2.761392
0.810190 2.788812
0.811189 2.816244
0.812188 2.843688
0.813187 2.871143
0.814186 2.898609
0.815185 2.926086
0.816184 2.953575
0.817183 2.981074
0.818182 3.008584
0.819181 3.036104
0.820180 3.063634
0.821179 3.091175
0.822178 3.118725
0.823177 3.146286
0.824176 3.173855
0.825175 3.201435
0.826174 3.229023
0.827173 3.256620
0.828172 3.284227
0.829171 3.311842
0.830170 3.339466
0.831169 3.367098
0.832168 3.394738
0.833167 3.422386
0.834166 3.450042
0.835165 3.477706
0.836164 3.505378
0.837163 3.533056
0.838162 3.560742
0.839161 3.588435
0.840160 3.616135
0.841159 3.643842
0.842158 3.671555
0.843157 3.699274
0.844156 3.727000
0.845155 3.754731
0.846154 3.782469
0.847153 3.810212
0.848152 3.837961
0.849151 3.865715
0.850150 3.893474
0.851149 3.921238
0.852148 3.949007
0.853147 3.976781
0.854146 4.004559
0.855145 4.032342
0.856144 4.060129
0.857143 4.087919
0.858142 4.115714
0.859141 4.143513
0.860140 4.171315
0.861139 4.199120
0.862138 4.226928
0.863137 4.254740
0.864136 4.282554
0.865135 4.310371
0.866134 4.338191
0.867133 4.366013
0.868132 4.393838
0.869131 4.421664
0.870130 4.449492
0.871129 4.477322
0.872128 4.505154
0.873127 4.532987
0.874126 4.560821
0.875125 4.588657
0.876124 4.616493
0.877123 4.644330
0.878122 4.672168
0.879121 4.700006
0.880120 4.727844
0.881119 4.755683
0.882118 4.783522
0.883117 4.811360
0.884116 4.839198
0.885115 4.867036
0.886114 4.894873
0.887113 4.922709
0.888112 4.950544
0.889111 4.978378
0.890110 5.006211
0.891109 5.034042
0.892108 5.061872
0.893107 5.089700
0.894106 5.117527
0.895105 5.145351
0.896104 5.173173
0.897103 5.200992
0.898102 5.228809
0.899101 5.256624
0.900100 5.284435
0.901099 5.312244
0.902098 5.340050
0.903097 5.367852
0.904096 5.395651
0.905095 5.423446
0.906094 5.451238
0.907093 5.479025
0.908092 5.506809
0.909091 5.534588
0.910090 5.562364
0.911089 5.590134
0.912088 5.617900
0.913087 5.645662
0.914086 5.673418
0.915085 5.701169
0.916084 5.728916
0.917083 5.756656
0.918082 5.784392
0.919081 5.812121
0.920080 5.839845
0.921079 5.867563
0.922078 5.895275
0.923077 5.922980
0.924076 5.950679
0.925075 5.978372
0.926074 6.006058
0.927073 6.033737
0.928072 6.061410
0.929071 6.089075
0.930070 6.116733
0.931069 6.144383
0.932068 6.172026
0.933067 6.199662
0.934066 6.227289
0.935065 6.254909
0.936064 6.282520
0.937063 6.310124
0.938062 6.337719
0.939061 6.365305
0.940060 6.392883
0.941059 6.420452
0.942058 6.448013
0.943057 6.475564
0.944056 6.503106
0.945055 6.530639
0.946054 6.558162
0.947053 6.585676
0.948052 6.613180
0.949051 6.640674
0.950050 6.668158
0.951049 6.695632
0.952048 6.723096
0.953047 6.750549
0.954046 6.777992
0.955045 6.805424
0.956044 6.832846
0.957043 6.860256
0.958042 6.887656
0.959041 6.915044
0.960040 6.942421
0.961039 6.969787
0.962038 6.997141
0.963037 7.024484
0.964036 7.051814
0.965035 7.079133
0.966034 7.106440
0.967033 7.133734
0.968032 7.161016
0.969031 7.188286
0.970030 7.215543
0.971029 7.242788
0.972028 7.270019
0.973027 7.297238
0.974026 7.324444
0.975025 7.351637
0.976024 7.378816
0.977023 7.405982
0.978022 7.433134
0.979021 7.460273
0.980020 7.487398
0.981019 7.514509
0.982018 7.541606
0.983017 7.568689
0.984016 7.595757
0.985015 7.622812
0.986014 7.649851
0.987013 7.676877
0.988012 7.703887
0.989011 7.730883
0.990010 7.757864
0.991009 7.784829
0.992008 7.811780
0.993007 7.838715
0.994006 7.865635
0.995005 7.892540
0.996004 7.919428
0.997003 7.946301
0.998002 7.973159
0.999001 8.000000
