0.000000 -0.743792
0.000999 -0.790916
0.001998 -0.837620
0.002997 -0.883909
0.003996 -0.929786
0.004995 -0.975256
0.005994 -1.020323
0.006993 -1.064990
0.007992 -1.109263
0.008991 -1.153145
0.009990 -1.196640
0.010989 -1.239751
0.011988 -1.282483
0.012987 -1.324840
0.013986 -1.366824
0.014985 -1.408440
0.015984 -1.449692
0.016983 -1.490582
0.017982 -1.531115
0.018981 -1.571294
0.019980 -1.611123
0.020979 -1.650604
0.021978 -1.689741
0.022977 -1.728538
0.023976 -1.766998
0.024975 -1.805124
0.025974 -1.842920
0.026973 -1.880388
0.027972 -1.917531
0.028971 -1.954353
0.029970 -1.990857
0.030969 -2.027046
0.031968 -2.062923
0.032967 -2.098490
0.033966 -2.133751
0.034965 -2.168708
0.035964 -2.203365
0.036963 -2.237724
0.037962 -2.271787
0.038961 -2.305558
0.039960 -2.339040
0.040959 -2.372235
0.041958 -2.405145
0.042957 -2.437773
0.043956 -2.470122
0.044955 -2.502195
0.045954 -2.533993
0.046953 -2.565519
0.047952 -2.596777
0.048951 -2.627767
0.049950 -2.658493
0.050949 -2.688956
0.051948 -2.719160
0.052947 -2.749107
0.053946 -2.778798
0.054945 -2.808236
0.055944 -2.837423
0.056943 -2.866361
0.057942 -2.895053
0.058941 -2.923501
0.059940 -2.951706
0.060939 -2.979672
0.061938 -3.007399
0.062937 -3.034890
0.063936 -3.062146
0.064935 -3.089171
0.065934 -3.115965
0.066933 -3.142531
0.067932 -3.168871
0.068931 -3.194986
0.069930 -3.220879
0.070929 -3.246550
0.071928 -3.272003
0.072927 -3.297238
0.073926 -3.322258
0.074925 -3.347064
0.075924 -3.371659
0.076923 -3.396042
0.077922 -3.420217
0.078921 -3.444185
0.079920 -3.467948
0.080919 -3.491507
0.081918 -3.514863
0.082917 -3.538020
0.083916 -3.560976
0.084915 -3.583736
0.085914 -3.606299
0.086913 -3.628668
0.087912 -3.650844
0.088911 -3.672828
0.089910 -3.694622
0.090909 -3.716227
0.091908 -3.737645
0.092907 -3.758877
0.093906 -3.779924
0.094905 -3.800789
0.095904 -3.821471
0.096903 -3.841972
0.097902 -3.862294
0.098901 -3.882438
0.099900 -3.902406
0.100899 -3.922198
0.101898 -3.941815
0.102897 -3.961260
0.103896 -3.980532
0.104895 -3.999634
0.105894 -4.018567
0.106893 -4.037331
0.107892 -4.055928
0.108891 -4.074358
0.109890 -4.092624
0.110889 -4.110726
0.111888 -4.128665
0.112887 -4.146442
0.113886 -4.164059
0.114885 -4.181516
0.115884 -4.198815
0.116883 -4.215955
0.117882 -4.232940
0.118881 -4.249768
0.119880 -4.266443
0.120879 -4.282963
0.121878 -4.299331
0.122877 -4.315547
0.123876 -4.331612
0.124875 -4.347527
0.125874 -4.363294
0.126873 -4.378912
0.127872 -4.394383
0.128871 -4.409707
0.129870 -4.424887
0.130869 -4.439921
0.131868 -4.454812
0.132867 -4.469559
0.133866 -4.484165
0.134865 -4.498629
0.135864 -4.512953
0.136863 -4.527137
0.137862 -4.541182
0.138861 -4.555088
0.139860 -4.568857
0.140859 -4.582490
0.141858 -4.595986
0.142857 -4.609347
0.143856 -4.622574
0.144855 -4.635667
0.145854 -4.648626
0.146853 -4.661453
0.147852 -4.674149
0.148851 -4.686713
0.149850 -4.699147
0.150849 -4.711451
0.151848 -4.723626
0.152847 -4.735672
0.153846 -4.747590
0.154845 -4.759382
0.155844 -4.771046
0.156843 -4.782585
0.157842 -4.793998
0.158841 -4.805286
0.159840 -4.816450
0.160839 -4.827490
0.161838 -4.838407
0.162837 -4.849202
0.163836 -4.859875
0.164835 -4.870426
0.165834 -4.880856
0.166833 -4.891166
0.167832 -4.901356
0.168831 -4.911426
0.169830 -4.921378
0.170829 -4.931211
0.171828 -4.940927
0.172827 -4.950525
0.173826 -4.960006
0.174825 -4.969371
0.175824 -4.978620
0.176823 -4.987754
0.177822 -4.996772
0.178821 -5.005676
0.179820 -5.014466
0.180819 -5.023142
0.181818 -5.031705
0.182817 -5.040156
0.183816 -5.048494
0.184815 -5.056720
0.185814 -5.064834
0.186813 -5.072837
0.187812 -5.080730
0.188811 -5.088512
0.189810 -5.096185
0.190809 -5.103748
0.191808 -5.111202
0.192807 -5.118547
0.193806 -5.125783
0.194805 -5.132912
0.195804 -5.139933
0.196803 -5.146846
0.197802 -5.153653
0.198801 -5.160353
0.199800 -5.166947
0.200799 -5.173435
0.201798 -5.179818
0.202797 -5.186095
0.203796 -5.192267
0.204795 -5.198335
0.205794 -5.204298
0.206793 -5.210158
0.207792 -5.215913
0.208791 -5.221566
0.209790 -5.227115
0.210789 -5.232562
0.211788 -5.237906
0.212787 -5.243149
0.213786 -5.248289
0.214785 -5.253328
0.215784 -5.258265
0.216783 -5.263102
0.217782 -5.267837
0.218781 -5.272473
0.219780 -5.277008
0.220779 -5.281443
0.221778 -5.285779
0.222777 -5.290015
0.223776 -5.294152
0.224775 -5.298190
0.225774 -5.302129
0.226773 -5.305970
0.227772 -5.309713
0.228771 -5.313358
0.229770 -5.316905
0.230769 -5.320355
0.231768 -5.323707
0.232767 -5.326963
0.233766 -5.330122
0.234765 -5.333184
0.235764 -5.336149
0.236763 -5.339019
0.237762 -5.341793
0.238761 -5.344471
0.239760 -5.347054
0.240759 -5.349541
0.241758 -5.351933
0.242757 -5.354231
0.243756 -5.356433
0.244755 -5.358541
0.245754 -5.360555
0.246753 -5.362475
0.247752 -5.364301
0.248751 -5.366033
0.249750 -5.367672
0.250749 -5.369217
0.251748 -5.370669
0.252747 -5.372028
0.253746 -5.373295
0.254745 -5.374468
0.255744 -5.375549
0.256743 -5.376538
0.257742 -5.377435
0.258741 -5.378240
0.259740 -5.378953
0.260739 -5.379574
0.261738 -5.380104
0.262737 -5.380542
0.263736 -5.380890
0.264735 -5.381146
0.265734 -5.381312
0.266733 -5.381386
0.267732 -5.381371
0.268731 -5.381264
0.269730 -5.381068
0.270729 -5.380782
0.271728 -5.380405
0.272727 -5.379939
0.273726 -5.379383
0.274725 -5.378737
0.275724 -5.378002
0.276723 -5.377178
0.277722 -5.376265
0.278721 -5.375262
0.279720 -5.374171
0.280719 -5.372991
0.281718 -5.371723
0.282717 -5.370366
0.283716 -5.368920
0.284715 -5.367387
0.285714 -5.365765
0.286713 -5.364056
0.287712 -5.362258
0.288711 -5.360373
0.289710 -5.358400
0.290709 -5.356340
0.291708 -5.354192
0.292707 -5.351957
0.293706 -5.349635
0.294705 -5.347226
0.295704 -5.344730
0.296703 -5.342147
0.297702 -5.339478
0.298701 -5.336722
0.299700 -5.333879
0.300699 -5.330951
0.301698 -5.327935
0.302697 -5.324834
0.303696 -5.321647
0.304695 -5.318374
0.305694 -5.315015
0.306693 -5.311570
0.307692 -5.308040
0.308691 -5.304424
0.309690 -5.300723
0.310689 -5.296936
0.311688 -5.293065
0.312687 -5.289108
0.313686 -5.285066
0.314685 -5.280939
0.315684 -5.276728
0.316683 -5.272431
0.317682 -5.268051
0.318681 -5.263585
0.319680 -5.259035
0.320679 -5.254401
0.321678 -5.249683
0.322677 -5.244880
0.323676 -5.239994
0.324675 -5.235023
0.325674 -5.229969
0.326673 -5.224830
0.327672 -5.219609
0.328671 -5.214303
0.329670 -5.208914
0.330669 -5.203442
0.331668 -5.197886
0.332667 -5.192247
0.333666 -5.186525
0.334665 -5.180719
0.335664 -5.174831
0.336663 -5.168860
0.337662 -5.162806
0.338661 -5.156670
0.339660 -5.150450
0.340659 -5.144149
0.341658 -5.137764
0.342657 -5.131298
0.343656 -5.124749
0.344655 -5.118118
0.345654 -5.111404
0.346653 -5.104609
0.347652 -5.097732
0.348651 -5.090772
0.349650 -5.083731
0.350649 -5.076609
0.351648 -5.069404
0.352647 -5.062118
0.353646 -5.054751
0.354645 -5.047302
0.355644 -5.039772
0.356643 -5.032161
0.357642 -5.024468
0.358641 -5.016695
0.359640 -5.008840
0.360639 -5.000905
0.361638 -4.992889
0.362637 -4.984792
0.363636 -4.976614
0.364635 -4.968356
0.365634 -4.960017
0.366633 -4.951598
0.367632 -4.943098
0.368631 -4.934518
0.369630 -4.925858
0.370629 -4.917118
0.371628 -4.908298
0.372627 -4.899398
0.373626 -4.890418
0.374625 -4.881358
0.375624 -4.872218
0.376623 -4.862999
0.377622 -4.853700
0.378621 -4.844322
0.379620 -4.834864
0.380619 -4.825327
0.381618 -4.815711
0.382617 -4.806016
0.383616 -4.796241
0.384615 -4.786388
0.385614 -4.776455
0.386613 -4.766444
0.387612 -4.756354
0.388611 -4.746185
0.389610 -4.735937
0.390609 -4.725611
0.391608 -4.715207
0.392607 -4.704724
0.393606 -4.694163
0.394605 -4.683524
0.395604 -4.672806
0.396603 -4.662010
0.397602 -4.651137
0.398601 -4.640185
0.399600 -4.629156
0.400599 -4.618049
0.401598 -4.606864
0.402597 -4.595602
0.403596 -4.584262
0.404595 -4.572845
0.405594 -4.561350
0.406593 -4.549778
0.407592 -4.538129
0.408591 -4.526402
0.409590 -4.514599
0.410589 -4.502719
0.411588 -4.490762
0.412587 -4.478728
0.413586 -4.466617
0.414585 -4.454430
0.415584 -4.442166
0.416583 -4.429826
0.417582 -4.417409
0.418581 -4.404916
0.419580 -4.392347
0.420579 -4.379702
0.421578 -4.366980
0.422577 -4.354183
0.423576 -4.341309
0.424575 -4.328360
0.425574 -4.315335
0.426573 -4.302235
0.427572 -4.289059
0.428571 -4.275807
0.429570 -4.262481
0.430569 -4.249078
0.431568 -4.235601
0.432567 -4.222048
0.433566 -4.208421
0.434565 -4.194718
0.435564 -4.180940
0.436563 -4.167088
0.437562 -4.153161
0.438561 -4.139159
0.439560 -4.125083
0.440559 -4.110933
0.441558 -4.096708
0.442557 -4.082408
0.443556 -4.068035
0.444555 -4.053587
0.445554 -4.039065
0.446553 -4.024470
0.447552 -4.009800
0.448551 -3.995057
0.449550 -3.980240
0.450549 -3.965350
0.451548 -3.950386
0.452547 -3.935349
0.453546 -3.920238
0.454545 -3.905054
0.455544 -3.889797
0.456543 -3.874467
0.457542 -3.859064
0.458541 -3.843588
0.459540 -3.828040
0.460539 -3.812418
0.461538 -3.796724
0.462537 -3.780958
0.463536 -3.765119
0.464535 -3.749208
0.465534 -3.733225
0.466533 -3.717169
0.467532 -3.701042
0.468531 -3.684842
0.469530 -3.668571
0.470529 -3.652228
0.471528 -3.635813
0.472527 -3.619327
0.473526 -3.602769
0.474525 -3.586140
0.475524 -3.569440
0.476523 -3.552668
0.477522 -3.535825
0.478521 -3.518912
0.479520 -3.501927
0.480519 -3.484872
0.481518 -3.467746
0.482517 -3.450549
0.483516 -3.433282
0.484515 -3.415945
0.485514 -3.398537
0.486513 -3.381059
0.487512 -3.363511
0.488512 -3.345892
0.489510 -3.328204
0.490509 -3.310446
0.491508 -3.292619
0.492507 -3.274722
0.493506 -3.256755
0.494505 -3.238719
0.495504 -3.220613
0.496504 -3.202439
0.497503 -3.184195
0.498502 -3.165882
0.499501 -3.147501
0.500499 -3.129050
0.501499 -3.110531
0.502497 -3.091944
0.503497 -3.073287
0.504496 -3.054563
0.505495 -3.035770
0.506494 -3.016909
0.507492 -2.997980
0.508492 -2.978983
0.509490 -2.959918
0.510490 -2.940785
0.511488 -2.921585
0.512488 -2.902317
0.513487 -2.882982
0.514486 -2.863580
0.515485 -2.844110
0.516484 -2.824573
0.517483 -2.804969
0.518481 -2.785299
0.519481 -2.765561
0.520480 -2.745757
0.521479 -2.725886
0.522478 -2.705949
0.523477 -2.685945
0.524476 -2.665876
0.525475 -2.645740
0.526474 -2.625538
0.527473 -2.605270
0.528472 -2.584937
0.529471 -2.564537
0.530470 -2.544072
0.531469 -2.523542
0.532468 -2.502947
0.533467 -2.482286
0.534466 -2.461560
0.535465 -2.440769
0.536464 -2.419913
0.537463 -2.398993
0.538462 -2.378007
0.539461 -2.356957
0.540460 -2.335843
0.541459 -2.314665
0.542458 -2.293422
0.543457 -2.272115
0.544456 -2.250745
0.545455 -2.229310
0.546454 -2.207812
0.547453 -2.186250
0.548452 -2.164624
0.549451 -2.142935
0.550450 -2.121183
0.551449 -2.099368
0.552448 -2.077490
0.553447 -2.055549
0.554446 -2.033545
0.555445 -2.011478
0.556444 -1.989349
0.557443 -1.967157
0.558442 -1.944904
0.559441 -1.922588
0.560440 -1.900209
0.561439 -1.877769
0.562438 -1.855267
0.563437 -1.832704
0.564436 -1.810079
0.565435 -1.787392
0.566434 -1.764644
0.567433 -1.741835
0.568432 -1.718965
0.569431 -1.696033
0.570430 -1.673041
0.571429 -1.649989
0.572428 -1.626875
0.573427 -1.603701
0.574426 -1.580467
0.575425 -1.557173
0.576424 -1.533818
0.577423 -1.510404
0.578422 -1.486929
0.579421 -1.463395
0.580420 -1.439802
0.581419 -1.416148
0.582418 -1.392436
0.583417 -1.368664
0.584416 -1.344834
0.585415 -1.320944
0.586414 -1.296995
0.587413 -1.272988
0.588412 -1.248922
0.589411 -1.224798
0.590410 -1.200615
0.591409 -1.176374
0.592408 -1.152076
0.593407 -1.127719
0.594406 -1.103304
0.595405 -1.078832
0.596404 -1.054302
0.597403 -1.029715
0.598402 -1.005070
0.599401 -0.980369
0.600400 -0.955610
0.601399 -0.930794
0.602398 -0.905922
0.603397 -0.880993
0.604396 -0.856008
0.605395 -0.830966
0.606394 -0.805868
0.607393 -0.780714
0.608392 -0.755504
0.609391 -0.730238
0.610390 -0.704916
0.611389 -0.679539
0.612388 -0.654106
0.613387 -0.628618
0.614386 -0.603075
0.615385 -0.577477
0.616384 -0.551824
0.617383 -0.526116
0.618382 -0.500353
0.619381 -0.474537
0.620380 -0.448665
0.621379 -0.422740
0.622378 -0.396760
0.623377 -0.370727
0.624376 -0.344639
0.625375 -0.318498
0.626374 -0.292304
0.627373 -0.266056
0.628372 -0.239754
0.629371 -0.213400
0.630370 -0.186992
0.631369 -0.160532
0.632368 -0.134019
0.633367 -0.107454
0.634366 -0.080836
0.635365 -0.054165
0.636364 -0.027443
0.637363 -0.000668
0.638362 0.026158
0.639361 0.053036
0.640360 0.079966
0.641359 0.106947
0.642358 0.133980
0.643357 0.161064
0.644356 0.188199
0.645355 0.215384
0.646354 0.242621
0.647353 0.269908
0.648352 0.297246
0.649351 0.324634
0.650350 0.352072
0.651349 0.379561
0.652348 0.407099
0.653347 0.434687
0.654346 0.462325
0.655345 0.490012
0.656344 0.517749
0.657343 0.545535
0.658342 0.573370
0.659341 0.601254
0.660340 0.629187
0.661339 0.657168
0.662338 0.685198
0.663337 0.713276
0.664336 0.741403
0.665335 0.769578
0.666334 0.797800
0.667333 0.826071
0.668332 0.854389
0.669331 0.882755
0.670330 0.911168
0.671329 0.939628
0.672328 0.968136
0.673327 0.996690
0.674326 1.025291
0.675325 1.053939
0.676324 1.082633
0.677323 1.111374
0.678322 1.140161
0.679321 1.168994
0.680320 1.197874
0.681319 1.226799
0.682318 1.255769
0.683317 1.284785
0.684316 1.313847
0.685315 1.342954
0.686314 1.372105
0.687313 1.401302
0.688312 1.430544
0.689311 1.459830
0.690310 1.489161
0.691309 1.518536
0.692308 1.547955
0.693307 1.577419
0.694306 1.606926
0.695305 1.636477
0.696304 1.666072
0.697303 1.695711
0.698302 1.725392
0.699301 1.755117
0.700300 1.784885
0.701299 1.814696
0.702298 1.844550
0.703297 1.874446
0.704296 1.904385
0.705295 1.934366
0.706294 1.964390
0.707293 1.994455
0.708292 2.024562
0.709291 2.054712
0.710290 2.084902
0.711289 2.115135
0.712288 2.145408
0.713287 2.175723
0.714286 2.206079
0.715285 2.236475
0.716284 2.266913
0.717283 2.297391
0.718282 2.327909
0.719281 2.358468
0.720280 2.389067
0.721279 2.419706
0.722278 2.450385
0.723277 2.481103
0.724276 2.511862
0.725275 2.542659
0.726274 2.573496
0.727273 2.604372
0.728272 2.635287
0.729271 2.666241
0.730270 2.697234
0.731269 2.728265
0.732268 2.759335
0.733267 2.790443
0.734266 2.821589
0.735265 2.852773
0.736264 2.883995
0.737263 2.915255
0.738262 2.946552
0.739261 2.977887
0.740260 3.009259
0.741259 3.040668
0.742258 3.072114
0.743257 3.103596
0.744256 3.135116
0.745255 3.166672
0.746254 3.198264
0.747253 3.229893
0.748252 3.261558
0.749251 3.293259
0.750250 3.324995
0.751249 3.356768
0.752248 3.388576
0.753247 3.420419
0.754246 3.452297
0.755245 3.484211
0.756244 3.516160
0.757243 3.548143
0.758242 3.580161
0.759241 3.612214
0.760240 3.644301
0.761239 3.676422
0.762238 3.708577
0.763237 3.740767
0.764236 3.772990
0.765235 3.805247
0.766234 3.837537
0.767233 3.869861
0.768232 3.902218
0.769231 3.934608
0.770230 3.967031
0.771229 3.999487
0.772228 4.031976
0.773227 4.064497
0.774226 4.097050
0.775225 4.129636
0.776224 4.162254
0.777223 4.194904
0.778222 4.227585
0.779221 4.260299
0.780220 4.293044
0.781219 4.325820
0.782218 4.358628
0.783217 4.391466
0.784216 4.424336
0.785215 4.457237
0.786214 4.490168
0.787213 4.523130
0.788212 4.556122
0.789211 4.589145
0.790210 4.622198
0.791209 4.655281
0.792208 4.688393
0.793207 4.721536
0.794206 4.754708
0.795205 4.787909
0.796204 4.821140
0.797203 4.854400
0.798202 4.887689
0.799201 4.921007
0.800200 4.954353
0.801199 4.987729
0.802198 5.021133
0.803197 5.054565
0.804196 5.088025
0.805195 5.121514
0.806194 5.155030
0.807193 5.188575
0.808192 5.222147
0.809191 5.255746
0.810190 5.289373
0.811189 5.323027
0.812188 5.356709
0.813187 5.390417
0.814186 5.424152
0.815185 5.457914
0.816184 5.491703
0.817183 5.525518
0.818182 5.559359
0.819181 5.593227
0.820180 5.627120
0.821179 5.661040
0.822178 5.694985
0.823177 5.728956
0.824176 5.762953
0.825175 5.796975
0.826174 5.831023
0.827173 5.865095
0.828172 5.899193
0.829171 5.933315
0.830170 5.967462
0.831169 6.001634
0.832168 6.035830
0.833167 6.070051
0.834166 6.104296
0.835165 6.138565
0.836164 6.172858
0.837163 6.207175
0.838162 6.241515
0.839161 6.275879
0.840160 6.310267
0.841159 6.344678
0.842158 6.379112
0.843157 6.413569
0.844156 6.448050
0.845155 6.482553
0.846154 6.517079
0.847153 6.551627
0.848152 6.586198
0.849151 6.620791
0.850150 6.655407
0.851149 6.690044
0.852148 6.724704
0.853147 6.759385
0.854146 6.794088
0.855145 6.828813
0.856144 6.863559
0.857143 6.898326
0.858142 6.933115
0.859141 6.967925
0.860140 7.002756
0.861139 7.037607
0.862138 7.072480
0.863137 7.107373
0.864136 7.142286
0.865135 7.177220
0.866134 7.212175
0.867133 7.247149
0.868132 7.282144
0.869131 7.317158
0.870130 7.352192
0.871129 7.387246
0.872128 7.422319
0.873127 7.457412
0.874126 7.492524
0.875125 7.527656
0.876124 7.562806
0.877123 7.597976
0.878122 7.633164
0.879121 7.668371
0.880120 7.703597
0.881119 7.738842
0.882118 7.774104
0.883117 7.809385
0.884116 7.844685
0.885115 7.880002
0.886114 7.915337
0.887113 7.950691
0.888112 7.986062
0.889111 8.021450
0.890110 8.056856
0.891109 8.092280
0.892108 8.127721
0.893107 8.163179
0.894106 8.198654
0.895105 8.234146
0.896104 8.269656
0.897103 8.305181
0.898102 8.340724
0.899101 8.376283
0.900100 8.411859
0.901099 8.447451
0.902098 8.483059
0.903097 8.518683
0.904096 8.554324
0.905095 8.589980
0.906094 8.625653
0.907093 8.661341
0.908092 8.697044
0.909091 8.732763
0.910090 8.768498
0.911089 8.804248
0.912088 8.840013
0.913087 8.875793
0.914086 8.911589
0.915085 8.947399
0.916084 8.983224
0.917083 9.019064
0.918082 9.054919
0.919081 9.090788
0.920080 9.126672
0.921079 9.162570
0.922078 9.198482
0.923077 9.234409
0.924076 9.270349
0.925075 9.306304
0.926074 9.342272
0.927073 9.378255
0.928072 9.414251
0.929071 9.450260
0.930070 9.486283
0.931069 9.522320
0.932068 9.558370
0.933067 9.594433
0.934066 9.630510
0.935065 9.666599
0.936064 9.702702
0.937063 9.738817
0.938062 9.774946
0.939061 9.811087
0.940060 9.847241
0.941059 9.883407
0.942058 9.919586
0.943057 9.955777
0.944056 9.991981
0.945055 10.028196
0.946054 10.064424
0.947053 10.100664
0.948052 10.136917
0.949051 10.173181
0.950050 10.209456
0.951049 10.245744
0.952048 10.282043
0.953047 10.318354
0.954046 10.354677
0.955045 10.391011
0.956044 10.427356
0.957043 10.463713
0.958042 10.500081
0.959041 10.536460
0.960040 10.572850
0.961039 10.609251
0.962038 10.645663
0.963037 10.682086
0.964036 10.718520
0.965035 10.754964
0.966034 10.791419
0.967033 10.827885
0.968032 10.864361
0.969031 10.900848
0.970030 10.937345
0.971029 10.973852
0.972028 11.010370
0.973027 11.046898
0.974026 11.083436
0.975025 11.119984
0.976024 11.156542
0.977023 11.193110
0.978022 11.229688
0.979021 11.266276
0.980020 11.302873
0.981019 11.339480
0.982018 11.376097
0.983017 11.412723
0.984016 11.449359
0.985015 11.486004
0.986014 11.522659
0.987013 11.559323
0.988012 11.595996
0.989011 11.632679
0.990010 11.669370
0.991009 11.706071
0.992008 11.742781
0.993007 11.779500
0.994006 11.816228
0.995005 11.852965
0.996004 11.889710
0.997003 11.926465
0.998002 11.963228
0.999001 12.000000
