0.000000 -4.203113
0.000999 -4.218820
0.001998 -4.234504
0.002997 -4.250164
0.003996 -4.265798
0.004995 -4.281408
0.005994 -4.296992
0.006993 -4.312550
0.007992 -4.328082
0.008991 -4.343587
0.009990 -4.359066
0.010989 -4.374517
0.011988 -4.389940
0.012987 -4.405336
0.013986 -4.420704
0.014985 -4.436043
0.015984 -4.451353
0.016983 -4.466633
0.017982 -4.481885
0.018981 -4.497106
0.019980 -4.512297
0.020979 -4.527458
0.021978 -4.542588
0.022977 -4.557686
0.023976 -4.572754
0.024975 -4.587789
0.025974 -4.602793
0.026973 -4.617764
0.027972 -4.632702
0.028971 -4.647608
0.029970 -4.662480
0.030969 -4.677319
0.031968 -4.692123
0.032967 -4.706894
0.033966 -4.721630
0.034965 -4.736332
0.035964 -4.750999
0.036963 -4.765630
0.037962 -4.780226
0.038961 -4.794786
0.039960 -4.809309
0.040959 -4.823797
0.041958 -4.838248
0.042957 -4.852662
0.043956 -4.867038
0.044955 -4.881377
0.045954 -4.895679
0.046953 -4.909942
0.047952 -4.924168
0.048951 -4.938354
0.049950 -4.952502
0.050949 -4.966611
0.051948 -4.980681
0.052947 -4.994711
0.053946 -5.008701
0.054945 -5.022652
0.055944 -5.036562
0.056943 -5.050431
0.057942 -5.064260
0.058941 -5.078048
0.059940 -5.091794
0.060939 -5.105499
0.061938 -5.119163
0.062937 -5.132784
0.063936 -5.146363
0.064935 -5.159900
0.065934 -5.173394
0.066933 -5.186845
0.067932 -5.200253
0.068931 -5.213618
0.069930 -5.226939
0.070929 -5.240216
0.071928 -5.253450
0.072927 -5.266639
0.073926 -5.279783
0.074925 -5.292883
0.075924 -5.305938
0.076923 -5.318948
0.077922 -5.331913
0.078921 -5.344832
0.079920 -5.357706
0.080919 -5.370533
0.081918 -5.383315
0.082917 -5.396050
0.083916 -5.408738
0.084915 -5.421380
0.085914 -5.433975
0.086913 -5.446522
0.087912 -5.459022
0.088911 -5.471475
0.089910 -5.483880
0.090909 -5.496237
0.091908 -5.508546
0.092907 -5.520806
0.093906 -5.533018
0.094905 -5.545181
0.095904 -5.557296
0.096903 -5.569361
0.097902 -5.581377
0.098901 -5.593344
0.099900 -5.605261
0.100899 -5.617128
0.101898 -5.628945
0.102897 -5.640712
0.103896 -5.652428
0.104895 -5.664094
0.105894 -5.675710
0.106893 -5.687274
0.107892 -5.698788
0.108891 -5.710250
0.109890 -5.721661
0.110889 -5.733020
0.111888 -5.744327
0.112887 -5.755583
0.113886 -5.766786
0.114885 -5.777938
0.115884 -5.789037
0.116883 -5.800083
0.117882 -5.811076
0.118881 -5.822017
0.119880 -5.832905
0.120879 -5.843739
0.121878 -5.854521
0.122877 -5.865248
0.123876 -5.875922
0.124875 -5.886542
0.125874 -5.897108
0.126873 -5.907621
0.127872 -5.918078
0.128871 -5.928482
0.129870 -5.938831
0.130869 -5.949125
0.131868 -5.959364
0.132867 -5.969548
0.133866 -5.979677
0.134865 -5.989751
0.135864 -5.999769
0.136863 -6.009732
0.137862 -6.019639
0.138861 -6.029491
0.139860 -6.039286
0.140859 -6.049025
0.141858 -6.058708
0.142857 -6.068334
0.143856 -6.077904
0.144855 -6.087418
0.145854 -6.096874
0.146853 -6.106274
0.147852 -6.115616
0.148851 -6.124902
0.149850 -6.134130
0.150849 -6.143301
0.151848 -6.152414
0.152847 -6.161469
0.153846 -6.170467
0.154845 -6.179406
0.155844 -6.188288
0.156843 -6.197112
0.157842 -6.205877
0.158841 -6.214584
0.159840 -6.223232
0.160839 -6.231822
0.161838 -6.240352
0.162837 -6.248825
0.163836 -6.257238
0.164835 -6.265592
0.165834 -6.273886
0.166833 -6.282122
0.167832 -6.290298
0.168831 -6.298414
0.169830 -6.306471
0.170829 -6.314468
0.171828 -6.322406
0.172827 -6.330283
0.173826 -6.338100
0.174825 -6.345857
0.175824 -6.353554
0.176823 -6.361190
0.177822 -6.368766
0.178821 -6.376282
0.179820 -6.383736
0.180819 -6.391130
0.181818 -6.398463
0.182817 -6.405736
0.183816 -6.412947
0.184815 -6.420096
0.185814 -6.427185
0.186813 -6.434212
0.187812 -6.441178
0.188811 -6.448083
0.189810 -6.454926
0.190809 -6.461707
0.191808 -6.468426
0.192807 -6.475083
0.193806 -6.481679
0.194805 -6.488212
0.195804 -6.494683
0.196803 -6.501092
0.197802 -6.507439
0.198801 -6.513724
0.199800 -6.519945
0.200799 -6.526105
0.201798 -6.532202
0.202797 -6.538236
0.203796 -6.544207
0.204795 -6.550115
0.205794 -6.555961
0.206793 -6.561743
0.207792 -6.567463
0.208791 -6.573119
0.209790 -6.578712
0.210789 -6.584241
0.211788 -6.589708
0.212787 -6.595111
0.213786 -6.600450
0.214785 -6.605726
0.215784 -6.610938
0.216783 -6.616086
0.217782 -6.621171
0.218781 -6.626192
0.219780 -6.631149
0.220779 -6.636042
0.221778 -6.640870
0.222777 -6.645635
0.223776 -6.650336
0.224775 -6.654972
0.225774 -6.659544
0.226773 -6.664052
0.227772 -6.668495
0.228771 -6.672874
0.229770 -6.677189
0.230769 -6.681438
0.231768 -6.685624
0.232767 -6.689744
0.233766 -6.693800
0.234765 -6.697791
0.235764 -6.701717
0.236763 -6.705578
0.237762 -6.709374
0.238761 -6.713106
0.239760 -6.716772
0.240759 -6.720373
0.241758 -6.723909
0.242757 -6.727380
0.243756 -6.730786
0.244755 -6.734126
0.245754 -6.737401
0.246753 -6.740611
0.247752 -6.743755
0.248751 -6.746834
0.249750 -6.749848
0.250749 -6.752796
0.251748 -6.755678
0.252747 -6.758495
0.253746 -6.761246
0.254745 -6.763931
0.255744 -6.766551
0.256743 -6.769105
0.257742 -6.771593
0.258741 -6.774015
0.259740 -6.776372
0.260739 -6.778663
0.261738 -6.780887
0.262737 -6.783046
0.263736 -6.785139
0.264735 -6.787166
0.265734 -6.789127
0.266733 -6.791021
0.267732 -6.792850
0.268731 -6.794613
0.269730 -6.796309
0.270729 -6.797939
0.271728 -6.799503
0.272727 -6.801001
0.273726 -6.802433
0.274725 -6.803798
0.275724 -6.805097
0.276723 -6.806330
0.277722 -6.807497
0.278721 -6.808597
0.279720 -6.809631
0.280719 -6.810598
0.281718 -6.811499
0.282717 -6.812334
0.283716 -6.813102
0.284715 -6.813804
0.285714 -6.814440
0.286713 -6.815009
0.287712 -6.815511
0.288711 -6.815947
0.289710 -6.816317
0.290709 -6.816620
0.291708 -6.816856
0.292707 -6.817026
0.293706 -6.817130
0.294705 -6.817167
0.295704 -6.817137
0.296703 -6.817041
0.297702 -6.816879
0.298701 -6.816649
0.299700 -6.816354
0.300699 -6.815991
0.301698 -6.815563
0.302697 -6.815067
0.303696 -6.814505
0.304695 -6.813877
0.305694 -6.813182
0.306693 -6.812420
0.307692 -6.811592
0.308691 -6.810697
0.309690 -6.809736
0.310689 -6.808708
0.311688 -6.807614
0.312687 -6.806453
0.313686 -6.805225
0.314685 -6.803932
0.315684 -6.802571
0.316683 -6.801144
0.317682 -6.799651
0.318681 -6.798091
0.319680 -6.796465
0.320679 -6.794772
0.321678 -6.793013
0.322677 -6.791187
0.323676 -6.789295
0.324675 -6.787337
0.325674 -6.785312
0.326673 -6.783221
0.327672 -6.781063
0.328671 -6.778839
0.329670 -6.776549
0.330669 -6.774193
0.331668 -6.771770
0.332667 -6.769281
0.333666 -6.766726
0.334665 -6.764104
0.335664 -6.761417
0.336663 -6.758663
0.337662 -6.755843
0.338661 -6.752957
0.339660 -6.750005
0.340659 -6.746987
0.341658 -6.743903
0.342657 -6.740752
0.343656 -6.737536
0.344655 -6.734254
0.345654 -6.730906
0.346653 -6.727492
0.347652 -6.724012
0.348651 -6.720467
0.349650 -6.716855
0.350649 -6.713178
0.351648 -6.709435
0.352647 -6.705626
0.353646 -6.701752
0.354645 -6.697812
0.355644 -6.693807
0.356643 -6.689735
0.357642 -6.685599
0.358641 -6.681397
0.359640 -6.677129
0.360639 -6.672796
0.361638 -6.668398
0.362637 -6.663935
0.363636 -6.659406
0.364635 -6.654812
0.365634 -6.650152
0.366633 -6.645428
0.367632 -6.640639
0.368631 -6.635784
0.369630 -6.630864
0.370629 -6.625880
0.371628 -6.620831
0.372627 -6.615716
0.373626 -6.610537
0.374625 -6.605293
0.375624 -6.599985
0.376623 -6.594611
0.377622 -6.589174
0.378621 -6.583671
0.379620 -6.578104
0.380619 -6.572473
0.381618 -6.566777
0.382617 -6.561017
0.383616 -6.555192
0.384615 -6.549304
0.385614 -6.543351
0.386613 -6.537334
0.387612 -6.531253
0.388611 -6.525108
0.389610 -6.518899
0.390609 -6.512626
0.391608 -6.506289
0.392607 -6.499889
0.393606 -6.493424
0.394605 -6.486897
0.395604 -6.480305
0.396603 -6.473650
0.397602 -6.466932
0.398601 -6.460150
0.399600 -6.453305
0.400599 -6.446397
0.401598 -6.439425
0.402597 -6.432391
0.403596 -6.425293
0.404595 -6.418132
0.405594 -6.410909
0.406593 -6.403622
0.407592 -6.396273
0.408591 -6.388861
0.409590 -6.381387
0.410589 -6.373850
0.411588 -6.366250
0.412587 -6.358588
0.413586 -6.350864
0.414585 -6.343078
0.415584 -6.335229
0.416583 -6.327318
0.417582 -6.319345
0.418581 -6.311311
0.419580 -6.303214
0.420579 -6.295056
0.421578 -6.286835
0.422577 -6.278554
0.423576 -6.270210
0.424575 -6.261806
0.425574 -6.253339
0.426573 -6.244812
0.427572 -6.236223
0.428571 -6.227574
0.429570 -6.218863
0.430569 -6.210091
0.431568 -6.201258
0.432567 -6.192365
0.433566 -6.183411
0.434565 -6.174396
0.435564 -6.165321
0.436563 -6.156185
0.437562 -6.146989
0.438561 -6.137733
0.439560 -6.128416
0.440559 -6.119040
0.441558 -6.109603
0.442557 -6.100107
0.443556 -6.090550
0.444555 -6.080934
0.445554 -6.071259
0.446553 -6.061524
0.447552 -6.051729
0.448551 -6.041876
0.449550 -6.031963
0.450549 -6.021991
0.451548 -6.011959
0.452547 -6.001869
0.453546 -5.991721
0.454545 -5.981513
0.455544 -5.971247
0.456543 -5.960922
0.457542 -5.950539
0.458541 -5.940097
0.459540 -5.929598
0.460539 -5.919040
0.461538 -5.908424
0.462537 -5.897750
0.463536 -5.887019
0.464535 -5.876229
0.465534 -5.865383
0.466533 -5.854478
0.467532 -5.843517
0.468531 -5.832498
0.469530 -5.821422
0.470529 -5.810288
0.471528 -5.799098
0.472527 -5.787851
0.473526 -5.776548
0.474525 -5.765188
0.475524 -5.753771
0.476523 -5.742298
0.477522 -5.730768
0.478521 -5.719183
0.479520 -5.707541
0.480519 -5.695844
0.481518 -5.684091
0.482517 -5.672282
0.483516 -5.660417
0.484515 -5.648497
0.485514 -5.636522
0.486513 -5.624491
0.487512 -5.612406
0.488512 -5.600265
0.489510 -5.588070
0.490509 -5.575820
0.491508 -5.563515
0.492507 -5.551155
0.493506 -5.538742
0.494505 -5.526274
0.495504 -5.513752
0.496504 -5.501176
0.497503 -5.488546
0.498502 -5.475862
0.499501 -5.463125
0.500499 -5.450334
0.501499 -5.437490
0.502497 -5.424592
0.503497 -5.411642
0.504496 -5.398638
0.505495 -5.385582
0.506494 -5.372473
0.507492 -5.359311
0.508492 -5.346097
0.509490 -5.332830
0.510490 -5.319511
0.511488 -5.306140
0.512488 -5.292717
0.513487 -5.279243
0.514486 -5.265716
0.515485 -5.252139
0.516484 -5.238509
0.517483 -5.224829
0.518481 -5.211097
0.519481 -5.197314
0.520480 -5.183481
0.521479 -5.169596
0.522478 -5.155662
0.523477 -5.141676
0.524476 -5.127640
0.525475 -5.113555
0.526474 -5.099419
0.527473 -5.085233
0.528472 -5.070997
0.529471 -5.056712
0.530470 -5.042378
0.531469 -5.027994
0.532468 -5.013560
0.533467 -4.999078
0.534466 -4.984547
0.535465 -4.969967
0.536464 -4.955339
0.537463 -4.940662
0.538462 -4.925936
0.539461 -4.911163
0.540460 -4.896341
0.541459 -4.881472
0.542458 -4.866555
0.543457 -4.851590
0.544456 -4.836578
0.545455 -4.821518
0.546454 -4.806412
0.547453 -4.791258
0.548452 -4.776058
0.549451 -4.760811
0.550450 -4.745517
0.551449 -4.730177
0.552448 -4.714790
0.553447 -4.699358
0.554446 -4.683880
0.555445 -4.668356
0.556444 -4.652786
0.557443 -4.637171
0.558442 -4.621510
0.559441 -4.605804
0.560440 -4.590054
0.561439 -4.574258
0.562438 -4.558418
0.563437 -4.542533
0.564436 -4.526604
0.565435 -4.510631
0.566434 -4.494613
0.567433 -4.478552
0.568432 -4.462447
0.569431 -4.446298
0.570430 -4.430106
0.571429 -4.413871
0.572428 -4.397592
0.573427 -4.381271
0.574426 -4.364907
0.575425 -4.348500
0.576424 -4.332051
0.577423 -4.315559
0.578422 -4.299026
0.579421 -4.282450
0.580420 -4.265833
0.581419 -4.249174
0.582418 -4.232473
0.583417 -4.215732
0.584416 -4.198949
0.585415 -4.182125
0.586414 -4.165260
0.587413 -4.148355
0.588412 -4.131409
0.589411 -4.114423
0.590410 -4.097397
0.591409 -4.080331
0.592408 -4.063225
0.593407 -4.046079
0.594406 -4.028894
0.595405 -4.011670
0.596404 -3.994406
0.597403 -3.977104
0.598402 -3.959763
0.599401 -3.942383
0.600400 -3.924965
0.601399 -3.907509
0.602398 -3.890014
0.603397 -3.872482
0.604396 -3.854912
0.605395 -3.837304
0.606394 -3.819659
0.607393 -3.801977
0.608392 -3.784258
0.609391 -3.766502
0.610390 -3.748709
0.611389 -3.730880
0.612388 -3.713014
0.613387 -3.695112
0.614386 -3.677175
0.615385 -3.659201
0.616384 -3.641192
0.617383 -3.623148
0.618382 -3.605068
0.619381 -3.586953
0.620380 -3.568803
0.621379 -3.550619
0.622378 -3.532400
0.623377 -3.514147
0.624376 -3.495859
0.625375 -3.477538
0.626374 -3.459182
0.627373 -3.440794
0.628372 -3.422371
0.629371 -3.403916
0.630370 -3.385427
0.631369 -3.366905
0.632368 -3.348351
0.633367 -3.329764
0.634366 -3.311145
0.635365 -3.292494
0.636364 -3.273811
0.637363 -3.255096
0.638362 -3.236349
0.639361 -3.217571
0.640360 -3.198762
0.641359 -3.179922
0.642358 -3.161051
0.643357 -3.142149
0.644356 -3.123216
0.645355 -3.104254
0.646354 -3.085261
0.647353 -3.066239
0.648352 -3.047186
0.649351 -3.028105
0.650350 -3.008994
0.651349 -2.989853
0.652348 -2.970684
0.653347 -2.951486
0.654346 -2.932259
0.655345 -2.913004
0.656344 -2.893721
0.657343 -2.874410
0.658342 -2.855071
0.659341 -2.835704
0.660340 -2.816310
0.661339 -2.796889
0.662338 -2.777441
0.663337 -2.757966
0.664336 -2.738464
0.665335 -2.718936
0.666334 -2.699381
0.667333 -2.679800
0.668332 -2.660194
0.669331 -2.640562
0.670330 -2.620904
0.671329 -2.601221
0.672328 -2.581513
0.673327 -2.561780
0.674326 -2.542022
0.675325 -2.522240
0.676324 -2.502433
0.677323 -2.482603
0.678322 -2.462748
0.679321 -2.442870
0.680320 -2.422968
0.681319 -2.403043
0.682318 -2.383095
0.683317 -2.363124
0.684316 -2.343130
0.685315 -2.323113
0.686314 -2.303075
0.687313 -2.283014
0.688312 -2.262931
0.689311 -2.242826
0.690310 -2.222700
0.691309 -2.202553
0.692308 -2.182384
0.693307 -2.162194
0.694306 -2.141984
0.695305 -2.121753
0.696304 -2.101502
0.697303 -2.081231
0.698302 -2.060940
0.699301 -2.040629
0.700300 -2.020298
0.701299 -1.999949
0.702298 -1.979580
0.703297 -1.959192
0.704296 -1.938785
0.705295 -1.918360
0.706294 -1.897917
0.707293 -1.877456
0.708292 -1.856976
0.709291 -1.836479
0.710290 -1.815965
0.711289 -1.795433
0.712288 -1.774884
0.713287 -1.754318
0.714286 -1.733735
0.715285 -1.713136
0.716284 -1.692521
0.717283 -1.671890
0.718282 -1.651243
0.719281 -1.630580
0.720280 -1.609902
0.721279 -1.589208
0.722278 -1.568499
0.723277 -1.547776
0.724276 -1.527038
0.725275 -1.506286
0.726274 -1.485519
0.727273 -1.464738
0.728272 -1.443944
0.729271 -1.423136
0.730270 -1.402314
0.731269 -1.381480
0.732268 -1.360632
0.733267 -1.339772
0.734266 -1.318899
0.735265 -1.298014
0.736264 -1.277116
0.737263 -1.256207
0.738262 -1.235286
0.739261 -1.214353
0.740260 -1.193409
0.741259 -1.172454
0.742258 -1.151488
0.743257 -1.130512
0.744256 -1.109525
0.745255 -1.088528
0.746254 -1.067520
0.747253 -1.046503
0.748252 -1.025476
0.749251 -1.004440
0.750250 -0.983394
0.751249 -0.962340
0.752248 -0.941276
0.753247 -0.920205
0.754246 -0.899124
0.755245 -0.878036
0.756244 -0.856939
0.757243 -0.835835
0.758242 -0.814724
0.759241 -0.793604
0.760240 -0.772478
0.761239 -0.751345
0.762238 -0.730205
0.763237 -0.709059
0.764236 -0.687907
0.765235 -0.666748
0.766234 -0.645583
0.767233 -0.624413
0.768232 -0.603238
0.769231 -0.582057
0.770230 -0.560871
0.771229 -0.539680
0.772228 -0.518485
0.773227 -0.497286
0.774226 -0.476082
0.775225 -0.454874
0.776224 -0.433663
0.777223 -0.412447
0.778222 -0.391229
0.779221 -0.370008
0.780220 -0.348783
0.781219 -0.327556
0.782218 -0.306327
0.783217 -0.285095
0.784216 -0.263861
0.785215 -0.242625
0.786214 -0.221388
0.787213 -0.200149
0.788212 -0.178909
0.789211 -0.157668
0.790210 -0.136426
0.791209 -0.115184
0.792208 -0.093941
0.793207 -0.072698
0.794206 -0.051455
0.795205 -0.030212
0.796204 -0.008970
0.797203 0.012271
0.798202 0.033512
0.799201 0.054751
0.800200 0.075989
0.801199 0.097226
0.802198 0.118461
0.803197 0.139694
0.804196 0.160924
0.805195 0.182153
0.806194 0.203379
0.807193 0.224601
0.808192 0.245821
0.809191 0.267038
0.810190 0.288251
0.811189 0.309461
0.812188 0.330667
0.813187 0.351868
0.814186 0.373066
0.815185 0.394259
0.816184 0.415447
0.817183 0.436630
0.818182 0.457808
0.819181 0.478981
0.820180 0.500148
0.821179 0.521310
0.822178 0.542465
0.823177 0.563615
0.824176 0.584758
0.825175 0.605894
0.826174 0.627023
0.827173 0.648146
0.828172 0.669261
0.829171 0.690369
0.830170 0.711469
0.831169 0.732562
0.832168 0.753646
0.833167 0.774722
0.834166 0.795789
0.835165 0.816848
0.836164 0.837898
0.837163 0.858938
0.838162 0.879970
0.839161 0.900991
0.840160 0.922003
0.841159 0.943006
0.842158 0.963997
0.843157 0.984979
0.844156 1.005950
0.845155 1.026910
0.846154 1.047859
0.847153 1.068797
0.848152 1.089723
0.849151 1.110638
0.850150 1.131541
0.851149 1.152432
0.852148 1.173311
0.853147 1.194177
0.854146 1.215030
0.855145 1.235871
0.856144 1.256699
0.857143 1.277513
0.858142 1.298313
0.859141 1.319100
0.860140 1.339873
0.861139 1.360632
0.862138 1.381377
0.863137 1.402107
0.864136 1.422822
0.865135 1.443522
0.866134 1.464208
0.867133 1.484877
0.868132 1.505532
0.869131 1.526170
0.870130 1.546792
0.871129 1.567399
0.872128 1.587988
0.873127 1.608561
0.874126 1.629118
0.875125 1.649657
0.876124 1.670179
0.877123 1.690684
0.878122 1.711171
0.879121 1.731640
0.880120 1.752091
0.881119 1.772524
0.882118 1.792939
0.883117 1.813335
0.884116 1.833712
0.885115 1.854069
0.886114 1.874408
0.887113 1.894727
0.888112 1.915027
0.889111 1.935306
0.890110 1.955566
0.891109 1.975805
0.892108 1.996024
0.893107 2.016222
0.894106 2.036399
0.895105 2.056555
0.896104 2.076690
0.897103 2.096803
0.898102 2.116895
0.899101 2.136965
0.900100 2.157012
0.901099 2.177037
0.902098 2.197040
0.903097 2.217020
0.904096 2.236978
0.905095 2.256912
0.906094 2.276823
0.907093 2.296710
0.908092 2.316574
0.909091 2.336414
0.910090 2.356229
0.911089 2.376021
0.912088 2.395788
0.913087 2.415530
0.914086 2.435247
0.915085 2.454940
0.916084 2.474607
0.917083 2.494248
0.918082 2.513864
0.919081 2.533454
0.920080 2.553018
0.921079 2.572556
0.922078 2.592067
0.923077 2.611552
0.924076 2.631010
0.925075 2.650440
0.926074 2.669844
0.927073 2.689220
0.928072 2.708568
0.929071 2.727889
0.930070 2.747182
0.931069 2.766446
0.932068 2.785682
0.933067 2.804890
0.934066 2.824069
0.935065 2.843218
0.936064 2.862339
0.937063 2.881430
0.938062 2.900492
0.939061 2.919524
0.940060 2.938526
0.941059 2.957498
0.942058 2.976440
0.943057 2.995351
0.944056 3.014231
0.945055 3.033081
0.946054 3.051899
0.947053 3.070687
0.948052 3.089443
0.949051 3.108167
0.950050 3.126859
0.951049 3.145520
0.952048 3.164148
0.953047 3.182744
0.954046 3.201307
0.955045 3.219838
0.956044 3.238335
0.957043 3.256800
0.958042 3.275231
0.959041 3.293629
0.960040 3.311993
0.961039 3.330323
0.962038 3.348619
0.963037 3.366881
0.964036 3.385109
0.965035 3.403302
0.966034 3.421460
0.967033 3.439583
0.968032 3.457671
0.969031 3.475724
0.970030 3.493741
0.971029 3.511723
0.972028 3.529669
0.973027 3.547578
0.974026 3.565452
0.975025 3.583289
0.976024 3.601090
0.977023 3.618853
0.978022 3.636580
0.979021 3.654270
0.980020 3.671922
0.981019 3.689537
0.982018 3.707115
0.983017 3.724654
0.984016 3.742156
0.985015 3.759619
0.986014 3.777044
0.987013 3.794430
0.988012 3.811778
0.989011 3.829087
0.990010 3.846357
0.991009 3.863588
0.992008 3.880779
0.993007 3.897930
0.994006 3.915042
0.995005 3.932114
0.996004 3.949146
0.997003 3.966138
0.998002 3.983089
0.999001 4.000000
