-5
0.106814
0.213627
0.320438
0.427245
0.534049
0.640847
0.747639
0.854423
0.961199
1.06797
1.17472
1.28147
1.3882
1.49492
1.60162
1.70831
1.81498
1.92163
2.02826
2.13488
2.24147
2.34804
2.45459
2.56111
2.66761
2.77408
2.88052
2.98694
3.09333
3.19968
3.30601
3.4123
3.51856
3.62478
3.73097
3.83712
3.94323
4.0493
4.15534
4.26133
4.36728
4.47319
4.57905
4.68487
4.79064
4.89637
5.00204
5.10767
5.21325
5.31877
5.42424
5.52966
5.63503
5.74034
5.84559
5.95078
6.05592
6.161
6.26601
6.37096
6.47586
6.58068
6.68544
6.79014
6.89477
6.99933
7.10382
7.20824
7.31259
7.41687
7.52108
7.62521
7.72926
7.83324
7.93714
8.04097
8.14471
8.24837
8.35196
8.45546
8.55887
8.6622
8.76545
8.86861
8.97168
9.07467
9.17756
9.28037
9.38308
9.4857
9.58822
9.69065
9.79299
9.89523
9.99737
10.0994
10.2014
10.3032
10.4049
10.5066
10.6081
10.7095
10.8109
10.9121
11.0132
11.1142
11.2151
11.3159
11.4165
11.5171
11.6175
11.7179
11.8181
11.9182
12.0181
12.118
12.2177
12.3174
12.4169
12.5162
12.6155
12.7146
12.8136
12.9125
13.0112
13.1099
13.2083
13.3067
13.4049
13.503
13.601
13.6988
13.7965
13.8941
13.9915
14.0888
14.1859
14.2829
14.3798
14.4765
14.5731
14.6695
14.7658
14.8619
14.9579
15.0538
15.1495
15.245
15.3404
15.4357
15.5308
15.6257
15.7205
15.8151
15.9096
16.0039
16.0981
16.1921
16.2859
16.3796
16.4731
16.5665
16.6597
16.7527
16.8456
16.9383
17.0308
17.1232
17.2154
17.3074
17.3993
17.4909
17.5825
17.6738
17.765
17.8559
17.9467
18.0374
18.1278
18.2181
18.3082
18.3981
18.4879
18.5774
18.6668
18.756
18.845
18.9338
19.0224
19.1108
19.1991
19.2871
19.375
19.4627
19.5502
19.6375
19.7246
19.8115
19.8982
19.9847
20.071
20.1571
20.2431
20.3288
20.4143
20.4996
20.5847
20.6696
20.7543
20.8388
20.9231
21.0072
21.0911
21.1748
21.2583
21.3415
21.4246
21.5074
21.59
21.6724
21.7546
21.8366
21.9184
21.9999
22.0812
22.1623
22.2432
22.3239
22.4044
22.4846
22.5646
22.6444
22.724
22.8033
22.8824
22.9613
23.04
23.1184
23.1966
23.2746
23.3524
23.4299
23.5072
23.5842
23.661
23.7376
23.814
23.8901
23.966
24.0416
24.117
24.1922
24.2671
24.3418
24.4163
24.4905
24.5645
24.6382
24.7117
24.7849
24.8579
24.9307
25.0032
25.0754
25.1475
25.2192
25.2907
25.362
25.433
25.5038
25.5743
25.6445
25.7146
25.7843
25.8538
25.923
25.992
26.0608
26.1292
26.1975
26.2654
26.3331
26.4005
26.4677
26.5346
26.6013
26.6677
26.7338
26.7997
26.8653
26.9306
26.9957
27.0605
27.125
27.1893
27.2533
27.317
27.3805
27.4437
27.5066
27.5692
27.6316
27.6937
27.7555
27.8171
27.8784
27.9394
28.0001
28.0606
28.1207
28.1806
28.2403
28.2996
28.3587
28.4175
28.476
28.5342
28.5921
28.6498
28.7071
28.7642
28.821
28.8776
28.9338
28.9898
29.0454
29.1008
29.1559
29.2107
29.2652
29.3195
29.3734
29.427
29.4804
29.5335
29.5862
29.6387
29.6909
29.7428
29.7944
29.8457
29.8968
29.9475
29.9979
30.048
30.0979
30.1474
30.1966
30.2456
30.2942
30.3426
30.3906
30.4384
30.4858
30.5329
30.5798
30.6263
30.6726
30.7185
30.7641
30.8094
30.8545
30.8992
30.9436
30.9877
31.0315
31.075
31.1182
31.1611
31.2037
31.2459
31.2879
31.3295
31.3709
31.4119
31.4526
31.493
31.5331
31.5729
31.6124
31.6516
31.6904
31.729
31.7672
31.8051
31.8427
31.88
31.917
31.9536
31.9899
32.026
32.0617
32.0971
32.1321
32.1669
32.2013
32.2355
32.2693
32.3028
32.3359
32.3688
32.4013
32.4335
32.4654
32.497
32.5282
32.5591
32.5897
32.62
32.65
32.6796
32.7089
32.7379
32.7666
32.795
32.823
32.8507
32.8781
32.9051
32.9318
32.9582
32.9843
33.0101
33.0355
33.0606
33.0853
33.1098
33.1339
33.1577
33.1812
33.2043
33.2271
33.2496
33.2718
33.2936
33.3151
33.3362
33.3571
33.3776
33.3978
33.4176
33.4371
33.4563
33.4752
33.4937
33.5119
33.5298
33.5473
33.5645
33.5814
33.5979
33.6142
33.63
33.6456
33.6608
33.6757
33.6902
33.7045
33.7183
33.7319
33.7451
33.758
33.7706
33.7828
33.7947
33.8062
33.8174
33.8283
33.8389
33.8491
33.859
33.8685
33.8778
33.8866
33.8952
33.9034
33.9113
33.9188
33.926
33.9329
33.9394
33.9457
33.9515
33.9571
33.9623
33.9671
33.9716
33.9758
33.9797
33.9832
33.9864
33.9893
33.9918
33.994
33.9958
33.9973
33.9985
33.9993
33.9998
34
33.9998
33.9993
33.9985
33.9973
33.9958
33.994
33.9918
33.9893
33.9864
33.9832
33.9797
33.9758
33.9716
33.9671
33.9623
33.9571
33.9515
33.9457
33.9394
33.9329
33.926
33.9188
33.9113
33.9034
33.8952
33.8866
33.8778
33.8685
33.859
33.8491
33.8389
33.8283
33.8174
33.8062
33.7947
33.7828
33.7706
33.758
33.7451
33.7319
33.7183
33.7045
33.6902
33.6757
33.6608
33.6456
33.63
33.6142
33.5979
33.5814
33.5645
33.5473
33.5298
33.5119
33.4937
33.4752
33.4563
33.4371
33.4176
33.3978
33.3776
33.3571
33.3362
33.3151
33.2936
33.2718
33.2496
33.2271
33.2043
33.1812
33.1577
33.1339
33.1098
33.0853
33.0606
33.0355
33.0101
32.9843
32.9582
32.9318
32.9051
32.8781
32.8507
32.823
32.795
32.7666
32.7379
32.7089
32.6796
32.65
32.62
32.5897
32.5591
32.5282
32.497
32.4654
32.4335
32.4013
32.3688
32.3359
32.3028
32.2693
32.2355
32.2013
32.1669
32.1321
32.0971
32.0617
32.026
31.9899
31.9536
31.917
31.88
31.8427
31.8051
31.7672
31.729
31.6904
31.6516
31.6124
31.5729
31.5331
31.493
31.4526
31.4119
31.3709
31.3295
31.2879
31.2459
31.2037
31.1611
31.1182
31.075
31.0315
30.9877
30.9436
30.8992
30.8545
30.8094
30.7641
30.7185
30.6726
30.6263
30.5798
30.5329
30.4858
30.4384
30.3906
30.3426
30.2942
30.2456
30.1966
30.1474
30.0979
30.048
29.9979
29.9475
29.8968
29.8457
29.7944
29.7428
29.6909
29.6387
29.5862
29.5335
29.4804
29.427
29.3734
29.3195
29.2652
29.2107
29.1559
29.1008
29.0454
28.9898
28.9338
28.8776
28.821
28.7642
28.7071
28.6498
28.5921
28.5342
28.476
28.4175
28.3587
28.2996
28.2403
28.1806
28.1207
28.0606
28.0001
27.9394
27.8784
27.8171
27.7555
27.6937
27.6316
27.5692
27.5066
27.4437
27.3805
27.317
27.2533
27.1893
27.125
27.0605
26.9957
26.9306
26.8653
26.7997
26.7338
26.6677
26.6013
26.5346
26.4677
26.4005
26.3331
26.2654
26.1975
26.1292
26.0608
25.992
25.923
25.8538
25.7843
25.7146
25.6445
25.5743
25.5038
25.433
25.362
25.2907
25.2192
25.1475
25.0754
25.0032
24.9307
24.8579
24.7849
24.7117
24.6382
24.5645
24.4905
24.4163
24.3418
24.2671
24.1922
24.117
24.0416
23.966
23.8901
23.814
23.7376
23.661
23.5842
23.5072
23.4299
23.3524
23.2746
23.1966
23.1184
23.04
22.9613
22.8824
22.8033
22.724
22.6444
22.5646
22.4846
22.4044
22.3239
22.2432
22.1623
22.0812
21.9999
21.9184
21.8366
21.7546
21.6724
21.59
21.5074
21.4246
21.3415
21.2583
21.1748
21.0911
21.0072
20.9231
20.8388
20.7543
20.6696
20.5847
20.4996
20.4143
20.3288
20.2431
20.1571
20.071
19.9847
19.8982
19.8115
19.7246
19.6375
19.5502
19.4627
19.375
19.2871
19.1991
19.1108
19.0224
18.9338
18.845
18.756
18.6668
18.5774
18.4879
18.3981
18.3082
18.2181
18.1278
18.0374
17.9467
17.8559
17.765
17.6738
17.5825
17.4909
17.3993
17.3074
17.2154
17.1232
17.0308
16.9383
16.8456
16.7527
16.6597
16.5665
16.4731
16.3796
16.2859
16.1921
16.0981
16.0039
15.9096
15.8151
15.7205
15.6257
15.5308
15.4357
15.3404
15.245
15.1495
15.0538
14.9579
14.8619
14.7658
14.6695
14.5731
14.4765
14.3798
14.2829
14.1859
14.0888
13.9915
13.8941
13.7965
13.6988
13.601
13.503
13.4049
13.3067
13.2083
13.1099
13.0112
12.9125
12.8136
12.7146
12.6155
12.5162
12.4169
12.3174
12.2177
12.118
12.0181
11.9182
11.8181
11.7179
11.6175
11.5171
11.4165
11.3159
11.2151
11.1142
11.0132
10.9121
10.8109
10.7095
10.6081
10.5066
10.4049
10.3032
10.2014
10.0994
9.99737
9.89523
9.79299
9.69065
9.58822
9.4857
9.38308
9.28037
9.17756
9.07467
8.97168
8.86861
8.76545
8.6622
8.55887
8.45546
8.35196
8.24837
8.14471
8.04097
7.93714
7.83324
7.72926
7.62521
7.52108
7.41687
7.31259
7.20824
7.10382
6.99933
6.89477
6.79014
6.68544
6.58068
6.47586
6.37096
6.26601
6.161
6.05592
5.95078
5.84559
5.74034
5.63503
5.52966
5.42424
5.31877
5.21325
5.10767
5.00204
4.89637
4.79064
4.68487
4.57905
4.47319
4.36728
4.26133
4.15534
4.0493
3.94323
3.83712
3.73097
3.62478
3.51856
3.4123
3.30601
3.19968
3.09333
2.98694
2.88052
2.77408
2.66761
2.56111
2.45459
2.34804
2.24147
2.13488
2.02826
1.92163
1.81498
1.70831
1.60162
1.49492
1.3882
1.28147
1.17472
1.06797
0.961199
0.854423
0.747639
0.640847
0.534049
0.427245
0.320438
0.213627
0.106814
4
